images_002/00001522_000.png 0 0 0 0 0 0 0 0 0 0 0 0 0 0
images_010/00023313_000.png 1 0 0 0 0 0 0 0 0 0 0 0 0 0
images_010/00023313_001.png 0 0 0 0 0 0 0 0 0 0 0 0 0 0
images_010/00023313_002.png 0 0 1 0 0 0 0 1 0 0 1 0 0 0
images_010/00023313_003.png 0 0 0 1 0 0 0 0 0 0 0 0 0 0
images_010/00023313_004.png 1 0 1 0 0 0 0 0 0 0 0 0 0 0
images_010/00023313_005.png 0 0 0 0 0 0 0 0 0 0 0 0 0 0
images_010/00023313_006.png 0 0 0 0 0 1 0 1 0 0 1 0 1 0
images_010/00023313_007.png 0 0 0 0 0 0 0 1 0 0 0 0 0 0
images_010/00023313_008.png 0 0 1 0 1 0 0 0 0 0 0 0 0 0
images_010/00023313_009.png 0 0 0 0 0 0 0 1 0 0 0 0 0 0
images_010/00023313_010.png 0 0 0 0 0 1 0 1 0 0 0 0 1 0
images_011/00027736_000.png 1 0 1 0 0 0 0 0 0 0 0 0 0 0
images_011/00027736_001.png 0 0 0 0 0 0 0 0 0 0 0 0 0 0
images_011/00027736_002.png 0 0 0 0 0 0 0 0 0 0 0 0 0 0
images_011/00027736_003.png 0 0 0 0 0 0 0 0 0 0 0 0 0 0
images_011/00027736_004.png 0 0 0 0 0 0 0 0 0 0 0 0 0 0
images_011/00027736_005.png 0 0 0 0 0 0 0 0 0 0 0 0 0 0
images_011/00027736_006.png 0 0 0 1 0 0 0 0 0 0 0 0 0 0
images_011/00027736_007.png 0 0 0 0 0 0 0 0 0 0 0 0 0 0
images_004/00008411_000.png 0 0 0 0 0 0 0 0 0 0 0 0 0 0
images_004/00008411_001.png 0 0 0 0 0 0 0 0 0 0 0 0 0 0
images_004/00008411_002.png 0 0 0 0 0 0 0 0 0 0 0 0 0 0
images_004/00008411_003.png 0 0 0 0 0 0 0 0 0 0 0 0 0 0
images_004/00008411_004.png 0 0 0 0 0 0 0 0 0 0 0 0 0 0
images_004/00008411_005.png 0 0 0 0 0 0 0 0 0 0 0 0 0 0
images_009/00018869_000.png 0 0 0 0 0 0 0 0 0 0 0 0 0 0
images_004/00006838_000.png 0 0 0 0 0 0 0 0 0 0 0 0 0 0
images_003/00005794_000.png 0 0 0 0 1 0 0 0 0 0 0 0 0 0
images_003/00005794_001.png 0 0 0 0 0 0 0 0 0 0 0 0 0 0
images_003/00005794_002.png 0 0 0 0 1 0 0 0 0 0 0 0 0 0
images_003/00005794_003.png 0 0 0 0 0 0 0 0 0 0 0 0 0 0
images_003/00005794_004.png 0 0 0 0 0 0 0 0 0 0 0 0 0 0
images_003/00005794_005.png 0 0 0 0 0 0 0 0 0 0 0 0 0 0
images_003/00005794_006.png 0 0 0 0 0 0 0 0 0 0 0 0 0 0
images_003/00005794_007.png 0 0 0 0 0 0 0 0 0 0 0 0 0 0
images_003/00005794_008.png 0 0 0 0 0 0 0 0 0 0 0 0 0 0
images_003/00005794_009.png 0 0 0 0 0 0 0 0 0 0 0 0 0 0
images_003/00005794_010.png 1 0 0 0 0 1 0 0 0 1 1 0 0 0
images_003/00005644_000.png 0 0 1 0 0 0 0 0 0 0 0 0 1 0
images_004/00008967_000.png 0 0 0 0 0 0 0 0 0 0 0 0 0 0
images_004/00008967_001.png 0 0 0 0 0 0 0 0 0 0 0 0 0 0
images_001/00000564_000.png 0 0 0 0 0 0 0 0 0 0 0 0 0 0
images_007/00014602_000.png 0 0 0 0 0 0 0 1 0 0 0 0 0 0
images_007/00014602_001.png 0 0 0 0 0 0 0 0 0 0 0 0 0 0
images_003/00005574_000.png 0 0 0 0 0 0 0 0 0 0 0 0 0 0
images_003/00005574_001.png 0 0 0 1 0 0 0 0 0 0 0 0 0 0
images_003/00005574_002.png 0 0 0 1 0 0 0 0 0 0 0 0 0 0
images_010/00024009_000.png 0 0 0 0 0 0 0 0 0 0 0 0 0 0
images_006/00012413_000.png 0 0 0 0 1 0 0 0 0 0 0 1 0 0
images_006/00012413_001.png 0 0 0 0 0 0 0 0 0 0 0 0 0 0
images_006/00012413_002.png 1 0 0 0 0 1 0 0 0 0 0 0 0 0
images_006/00012413_003.png 0 0 0 0 0 0 0 0 0 0 0 0 0 0
images_006/00012413_004.png 0 0 0 0 0 0 0 0 1 0 0 0 0 0
images_006/00012413_005.png 0 0 0 0 0 0 0 0 0 0 0 0 0 0
images_006/00012413_006.png 0 0 0 0 0 0 0 0 0 0 0 0 0 0
images_006/00012413_007.png 0 0 0 0 1 0 0 0 0 0 0 0 0 0
images_006/00012413_008.png 0 0 0 0 0 0 0 0 0 0 0 1 0 0
images_006/00012413_009.png 0 0 0 1 1 0 1 0 0 0 0 0 0 0
images_006/00012413_010.png 0 0 0 1 0 1 0 0 0 0 0 0 0 0
images_006/00012413_011.png 0 0 1 1 0 1 0 0 0 0 0 0 0 0
images_006/00012413_012.png 0 0 0 1 1 1 0 0 0 0 0 0 0 0
images_006/00012413_013.png 0 0 0 1 1 1 0 0 0 0 0 0 0 0
images_006/00012413_014.png 0 0 1 1 0 1 0 0 0 0 0 0 0 0
images_006/00012413_015.png 0 0 1 1 0 1 0 0 0 0 0 0 0 0
images_006/00012413_016.png 0 0 1 1 0 1 0 0 0 0 0 0 0 0
images_006/00012413_017.png 0 0 1 1 0 1 0 0 0 0 0 0 0 0
images_006/00012413_018.png 0 0 1 0 1 0 0 0 0 0 0 1 0 0
images_006/00012413_019.png 0 0 1 1 0 0 0 0 0 0 0 1 0 0
images_006/00012413_020.png 1 0 0 0 1 0 0 0 1 0 0 0 0 0
images_006/00012413_021.png 0 0 0 0 1 0 0 0 0 0 0 0 0 0
images_008/00016909_000.png 0 0 0 0 0 0 0 0 0 0 0 0 0 0
images_006/00012231_000.png 0 0 0 0 0 0 0 0 0 0 0 0 0 0
images_004/00008789_000.png 0 0 0 0 0 0 0 0 0 0 0 0 0 0
images_004/00008789_001.png 0 0 0 0 0 0 0 0 0 0 0 0 0 0
images_009/00018530_000.png 0 0 0 1 0 0 0 0 0 0 0 0 0 0
images_009/00018530_001.png 0 0 0 0 0 0 0 0 0 0 0 0 0 0
images_009/00018530_002.png 0 0 0 0 0 0 0 0 0 0 0 0 0 0
images_009/00018530_003.png 0 0 0 1 0 0 0 0 0 1 0 0 0 0
images_009/00018530_004.png 0 0 0 1 0 0 0 0 0 0 0 0 0 0
images_009/00018530_005.png 0 0 0 1 0 0 0 0 0 1 0 0 0 0
images_009/00018530_006.png 0 0 0 0 0 0 0 0 0 0 0 0 0 0
images_009/00018530_007.png 0 0 0 1 0 0 0 0 0 0 0 0 0 0
images_009/00018530_008.png 0 0 0 1 0 0 0 0 0 0 0 0 0 0
images_009/00018530_009.png 0 1 0 1 0 0 0 0 0 0 0 0 0 0
images_009/00018530_010.png 0 0 0 1 0 1 0 0 0 0 0 0 0 0
images_004/00006986_000.png 0 0 0 0 1 0 0 0 0 0 0 0 0 0
images_005/00011465_000.png 0 0 0 0 0 0 0 0 0 0 0 0 0 0
images_010/00022248_000.png 0 0 0 0 0 0 0 0 0 0 0 0 0 0
images_010/00022248_001.png 0 0 0 0 0 0 0 0 0 0 0 0 0 0
images_010/00022248_002.png 0 0 0 0 0 0 0 0 0 0 0 0 0 0
images_010/00022248_003.png 0 0 0 0 0 0 0 0 0 0 0 0 0 0
images_010/00022248_004.png 0 0 0 0 0 0 0 1 0 0 0 0 0 0
images_010/00022248_005.png 0 0 0 0 0 0 0 0 0 0 0 0 0 0
images_010/00022248_006.png 0 0 0 0 0 0 0 0 0 0 0 0 0 0
images_010/00022248_007.png 0 0 0 0 0 0 0 0 0 0 0 0 0 0
images_010/00022248_008.png 0 0 0 0 0 0 0 0 0 0 0 0 0 0
images_012/00030748_000.png 0 0 0 0 0 0 0 0 0 0 0 0 0 0
images_001/00000067_000.png 0 0 0 0 0 0 0 0 0 0 0 1 0 0
images_001/00000067_001.png 1 0 0 0 0 0 0 0 0 0 0 0 0 0
images_001/00000067_002.png 0 0 0 0 0 0 0 0 0 0 0 0 0 0
images_004/00008468_000.png 0 0 0 0 0 0 0 0 0 0 0 0 0 0
images_004/00008468_001.png 0 0 0 0 0 0 0 0 0 0 0 0 0 0
images_004/00008468_002.png 0 0 0 0 0 0 0 0 1 0 0 0 0 0
images_004/00008468_003.png 0 0 1 1 0 0 0 0 0 1 0 0 0 0
images_004/00008468_004.png 0 0 0 1 0 0 0 0 0 0 0 0 0 0
images_004/00008468_005.png 0 0 0 1 0 0 0 0 0 0 0 0 0 0
images_004/00008468_006.png 0 0 0 0 0 0 0 0 0 0 1 0 0 0
images_004/00008468_007.png 0 0 0 0 0 0 0 0 0 0 0 0 0 0
images_004/00008468_008.png 0 0 0 0 0 0 0 0 0 0 0 0 0 0
images_004/00008468_009.png 0 0 0 0 0 0 0 0 0 0 1 0 0 0
images_004/00008468_010.png 0 0 0 0 0 0 0 0 0 0 0 0 0 0
images_004/00008468_011.png 0 0 0 0 0 0 0 0 0 0 1 0 0 0
images_004/00008468_012.png 0 0 0 0 0 0 0 0 0 0 1 0 0 0
images_004/00008468_013.png 0 0 0 0 0 0 0 0 0 0 1 0 0 0
images_004/00008468_014.png 0 0 0 0 0 0 0 0 0 0 1 0 0 0
images_004/00008468_015.png 0 0 0 0 0 0 0 0 0 0 1 0 0 0
images_004/00008468_016.png 0 0 0 0 0 0 0 1 0 0 0 0 0 0
images_004/00008468_017.png 0 0 0 0 0 0 0 0 0 0 1 0 0 0
images_004/00008468_018.png 0 0 0 0 0 0 0 0 0 0 1 0 0 0
images_004/00008468_019.png 0 0 0 0 0 0 0 0 0 0 1 0 0 0
images_004/00008468_020.png 0 0 0 0 0 0 0 0 0 0 1 0 0 0
images_004/00008468_021.png 0 0 0 0 0 0 0 0 0 0 1 0 0 0
images_004/00008468_022.png 0 0 0 0 0 0 0 1 0 0 1 0 0 0
images_004/00008468_023.png 0 0 0 0 0 0 0 1 0 0 0 0 0 0
images_004/00008468_024.png 0 0 0 0 0 0 0 1 0 0 0 0 0 0
images_004/00008468_025.png 0 0 0 0 0 0 0 1 0 0 1 0 0 0
images_004/00008468_026.png 0 0 0 0 0 0 0 1 0 0 1 0 0 0
images_004/00008468_027.png 0 0 0 0 0 0 0 0 0 0 0 0 0 0
images_004/00008468_028.png 0 0 0 0 0 0 0 0 0 0 0 0 0 0
images_004/00008468_029.png 0 0 0 0 0 0 0 1 0 0 0 0 0 0
images_004/00008468_030.png 0 0 0 0 0 0 0 0 0 0 0 0 0 0
images_004/00008468_031.png 0 0 0 0 0 0 0 1 0 0 1 0 0 0
images_004/00008468_032.png 0 0 0 0 0 0 0 1 0 0 1 0 0 0
images_004/00008468_033.png 0 0 0 0 0 0 0 1 0 0 1 0 0 0
images_004/00008468_034.png 0 0 0 0 0 0 0 0 0 0 1 0 0 0
images_004/00008468_035.png 0 0 0 0 0 0 0 0 0 0 1 0 0 0
images_004/00008468_036.png 0 0 0 0 0 0 0 1 0 0 1 0 0 0
images_004/00008468_037.png 0 0 0 0 0 0 0 0 0 0 1 0 0 0
images_004/00008468_038.png 0 0 0 0 0 0 0 0 0 0 1 0 0 0
images_004/00008468_039.png 0 0 0 0 0 0 0 0 0 0 1 0 0 0
images_004/00008468_040.png 0 0 0 0 0 0 0 1 0 0 1 0 0 0
images_004/00008468_041.png 0 0 0 0 0 0 0 1 0 0 1 0 0 0
images_004/00008468_042.png 0 0 0 0 0 0 0 0 0 0 1 0 0 0
images_004/00008468_043.png 0 0 0 0 0 0 0 0 0 0 0 0 0 0
images_004/00008468_044.png 0 0 0 0 0 0 0 0 0 0 1 0 0 0
images_004/00008468_045.png 0 0 0 0 0 0 0 0 0 0 1 0 0 0
images_004/00008468_046.png 0 0 0 0 0 0 0 0 0 0 0 0 0 0
images_004/00008468_047.png 0 0 0 0 0 0 0 0 0 0 1 0 0 0
images_004/00008468_048.png 0 0 0 0 0 0 0 0 0 0 0 0 0 0
images_004/00008468_049.png 0 0 0 1 0 0 0 0 0 0 0 0 0 0
images_004/00008468_050.png 0 0 0 0 0 0 0 0 0 0 1 0 0 0
images_004/00008468_051.png 0 0 0 0 0 0 0 1 0 0 0 0 0 0
images_004/00008468_052.png 0 0 0 0 0 0 0 1 0 0 0 0 0 0
images_004/00008468_053.png 0 0 0 1 0 1 0 1 0 0 1 0 0 0
images_004/00008468_054.png 0 0 0 0 0 0 0 1 0 0 1 0 0 0
images_004/00008468_055.png 0 0 0 0 0 0 0 0 0 0 0 0 0 0
images_004/00008468_056.png 0 0 0 0 0 0 0 0 0 0 0 0 0 0
images_004/00008468_057.png 0 0 0 0 0 0 0 0 0 0 0 0 0 0
images_004/00008468_058.png 0 0 0 1 0 0 0 0 0 0 0 0 0 0
images_004/00008468_059.png 0 0 0 1 0 0 0 0 0 0 0 0 0 0
images_004/00008468_060.png 0 0 0 1 1 0 0 0 0 0 0 0 0 0
images_004/00008468_061.png 0 0 0 0 0 0 0 0 0 0 0 0 0 0
images_004/00008468_062.png 0 0 0 0 0 0 0 1 0 0 1 0 0 0
images_004/00008468_063.png 0 0 0 0 0 0 0 1 0 0 0 0 0 0
images_004/00008468_064.png 0 0 0 0 0 0 0 0 0 0 1 0 0 0
images_004/00008468_065.png 0 0 0 0 0 0 0 1 0 0 1 0 0 0
images_004/00008468_066.png 0 0 0 0 0 0 0 0 0 0 0 0 0 0
images_004/00008468_067.png 0 0 0 0 0 0 0 0 0 0 0 0 0 0
images_004/00008468_068.png 0 0 0 1 0 0 0 0 0 0 0 0 0 0
images_004/00008468_069.png 0 0 0 0 0 0 0 0 0 0 0 0 0 0
images_001/00001146_000.png 0 0 0 0 0 0 0 0 0 0 0 0 0 0
images_010/00020971_000.png 0 0 0 0 0 0 0 0 0 0 0 0 0 0
images_002/00002376_000.png 0 0 0 0 0 0 0 0 0 0 0 0 0 0
images_002/00002376_001.png 0 0 0 0 0 0 0 0 0 0 0 0 0 0
images_002/00002376_002.png 0 0 0 0 0 0 0 0 1 0 0 0 0 0
images_002/00002376_003.png 1 0 0 0 0 0 0 0 0 0 0 0 0 0
images_002/00002376_004.png 0 0 0 0 0 1 0 1 0 0 0 0 0 0
images_009/00018733_000.png 0 0 0 0 1 0 0 0 0 0 0 0 0 0
images_009/00018733_001.png 0 0 0 0 1 0 0 0 0 0 0 0 0 0
images_011/00025795_000.png 1 0 0 0 0 0 0 0 0 0 0 0 0 0
images_005/00009578_000.png 0 0 0 0 0 0 0 0 0 0 0 0 0 0
images_004/00006794_000.png 0 0 0 0 0 0 0 0 0 0 0 0 0 0
images_004/00006794_001.png 0 0 0 1 0 0 0 0 0 0 0 0 0 0
images_004/00006794_002.png 0 0 0 0 0 1 0 0 0 0 0 0 0 0
images_004/00006794_003.png 0 0 0 1 0 0 0 0 1 0 1 0 0 0
images_004/00006794_004.png 0 0 0 1 0 0 0 0 1 0 1 0 0 0
images_001/00000664_000.png 0 0 0 0 0 0 0 0 0 0 0 0 0 0
images_011/00026200_000.png 0 0 0 0 0 0 0 0 0 0 0 0 0 0
images_005/00010204_000.png 0 0 0 0 0 0 0 0 0 0 0 0 0 0
images_011/00027192_000.png 0 0 0 0 0 0 0 0 0 0 0 0 0 0
images_011/00027192_001.png 0 0 0 0 0 0 0 0 0 0 0 0 0 0
images_011/00027192_002.png 0 0 0 0 0 0 0 0 0 0 0 0 0 0
images_003/00006132_000.png 0 0 0 0 0 0 0 0 0 0 0 0 0 0
images_003/00006132_001.png 0 0 0 1 0 0 0 0 0 0 0 0 0 0
images_005/00010585_000.png 1 0 0 0 0 0 0 0 0 0 0 0 0 0
images_005/00010585_001.png 0 0 0 0 0 0 0 0 0 0 0 0 0 0
images_005/00010585_002.png 0 0 0 0 0 0 0 0 0 0 0 0 0 0
images_005/00010585_003.png 0 0 0 0 0 0 0 0 0 0 0 0 0 0
images_005/00010585_004.png 0 0 0 0 0 0 0 0 0 0 0 0 0 0
images_005/00010585_005.png 0 0 0 1 1 0 0 0 0 0 0 0 0 0
images_005/00010585_006.png 0 0 0 0 0 0 0 0 0 0 0 0 0 0
images_005/00010585_007.png 0 0 0 0 0 0 0 0 0 0 0 1 0 0
images_005/00010585_008.png 0 0 0 0 0 0 0 0 0 0 0 0 0 0
images_005/00010585_009.png 0 0 0 0 0 0 0 0 0 0 0 0 0 0
images_005/00010585_010.png 0 0 0 0 0 0 0 0 0 0 0 0 0 0
images_005/00010585_011.png 0 0 0 0 0 0 0 0 0 0 0 0 0 0
images_005/00010585_012.png 0 0 1 0 0 0 0 0 0 0 0 0 0 0
images_005/00010585_013.png 0 0 1 0 0 0 0 0 0 0 0 0 0 0
images_005/00010585_014.png 0 0 0 0 0 0 0 0 0 0 0 0 0 0
images_005/00010585_015.png 0 0 1 0 0 0 0 0 0 0 0 0 0 0
images_005/00010585_016.png 0 0 0 0 0 0 0 0 0 0 0 0 0 0
images_005/00010585_017.png 0 0 0 0 0 0 0 0 0 0 0 0 0 0
images_005/00010585_018.png 0 0 0 0 0 0 0 0 0 0 0 0 0 0
images_005/00010585_019.png 0 0 1 0 0 0 0 0 0 0 0 0 0 0
images_005/00010585_020.png 0 0 0 0 0 0 0 0 0 0 0 0 0 0
images_005/00010585_021.png 0 0 0 0 0 0 0 0 0 0 0 0 0 0
images_005/00010585_022.png 0 0 0 0 0 0 0 0 0 0 0 0 0 0
images_005/00010585_023.png 0 0 0 0 0 0 0 0 0 0 0 0 0 0
images_005/00010585_024.png 0 0 0 0 0 0 0 0 0 0 0 0 0 0
images_005/00010585_025.png 0 0 0 1 0 0 0 0 0 0 0 1 0 0
images_005/00010585_026.png 0 0 0 0 0 0 0 0 0 0 0 0 0 0
images_005/00010585_027.png 0 1 0 0 0 0 0 0 0 0 0 0 0 0
images_005/00010585_028.png 0 0 0 0 0 0 0 0 0 0 0 0 0 0
images_005/00010585_029.png 0 0 1 0 0 0 0 0 0 0 0 0 0 0
images_005/00010585_030.png 0 0 1 0 0 0 0 0 0 0 0 0 0 0
images_005/00010585_031.png 0 0 0 0 0 0 0 0 0 0 0 0 0 0
images_005/00010585_032.png 0 0 0 0 0 0 0 0 0 0 0 0 0 0
images_005/00010585_033.png 0 0 0 0 0 0 0 0 0 0 0 0 0 0
images_005/00010585_034.png 0 0 0 1 0 0 0 0 0 0 0 1 0 0
images_005/00010585_035.png 0 0 0 0 0 0 0 0 0 0 0 0 0 0
images_005/00010585_036.png 0 0 0 0 0 0 0 0 1 0 0 0 0 0
images_005/00010585_037.png 0 0 0 0 0 0 0 0 0 0 0 0 0 0
images_005/00010585_038.png 0 0 0 0 0 0 0 0 0 0 0 0 0 0
images_012/00028424_000.png 0 0 0 1 0 0 0 0 0 0 0 0 0 0
images_002/00001849_000.png 0 0 0 0 0 0 0 0 0 0 0 0 0 0
images_011/00027553_000.png 0 0 0 0 0 0 0 0 0 0 0 0 0 0
images_011/00027553_001.png 0 0 0 0 0 0 0 0 0 0 0 0 0 0
images_011/00027553_002.png 0 0 0 0 0 0 0 0 0 0 0 0 0 0
images_011/00027553_003.png 0 0 0 0 0 0 0 0 0 0 0 0 0 0
images_011/00027553_004.png 1 0 0 0 0 0 0 0 0 0 0 0 0 0
images_005/00010967_000.png 0 0 0 0 1 0 0 0 0 0 0 1 0 0
images_005/00010967_001.png 0 0 0 0 0 0 0 1 0 0 0 0 0 0
images_005/00010967_002.png 0 0 0 0 0 0 0 0 0 0 0 0 0 0
images_005/00010967_003.png 1 0 0 1 1 0 0 0 0 0 0 0 0 0
images_005/00010967_004.png 0 0 0 0 1 0 0 0 0 0 0 0 0 0
images_005/00010967_005.png 0 0 0 0 0 0 0 0 0 0 0 0 0 0
images_005/00010967_006.png 0 0 0 0 0 0 0 0 0 0 0 0 0 0
images_005/00010967_007.png 0 0 0 1 0 0 0 0 0 0 0 0 0 0
images_005/00010967_008.png 0 0 1 0 0 0 0 0 1 0 0 0 0 0
images_005/00010967_009.png 0 0 0 0 1 0 0 0 0 0 0 1 0 0
images_005/00010967_010.png 0 0 0 0 0 0 0 0 0 0 0 0 1 0
images_005/00010967_011.png 0 0 0 0 0 0 0 0 0 0 0 0 1 0
images_009/00019778_000.png 0 0 0 0 0 0 0 0 0 0 0 0 0 0
images_010/00023203_000.png 0 0 0 0 0 0 0 0 0 0 0 0 0 0
images_010/00023203_001.png 0 0 0 0 0 0 0 0 0 0 0 0 0 0
images_010/00023203_002.png 0 0 0 1 0 0 0 0 0 0 0 0 0 0
images_011/00025305_000.png 0 0 0 1 0 0 0 0 0 0 0 0 0 0
images_011/00025305_001.png 0 0 0 0 0 0 0 0 0 0 0 0 0 0
images_011/00025353_000.png 0 0 0 1 0 0 0 0 0 0 0 0 0 0
images_002/00001721_000.png 0 0 0 0 0 0 0 0 0 0 0 0 0 0
images_010/00022379_000.png 0 0 0 0 0 0 0 0 0 0 0 0 0 0
images_010/00022227_000.png 0 0 0 0 0 0 0 0 0 0 0 0 0 0
images_002/00003354_000.png 0 0 0 0 0 0 0 0 0 0 0 0 0 0
images_002/00003354_001.png 0 0 0 0 0 0 0 0 0 0 0 0 0 0
images_002/00003354_002.png 0 0 0 0 0 0 0 0 0 0 0 0 0 0
images_002/00003354_003.png 0 0 0 0 0 0 0 0 0 0 0 0 0 0
images_002/00003354_004.png 0 0 0 0 0 0 0 0 0 0 0 0 0 0
images_012/00029263_000.png 0 0 0 0 0 0 0 0 0 0 0 0 0 0
images_010/00023876_000.png 0 0 0 0 0 0 0 0 0 0 0 0 0 0
images_005/00010089_000.png 0 0 0 0 0 0 0 0 0 0 0 0 0 0
images_005/00010089_001.png 0 0 0 0 0 0 0 0 0 0 0 0 0 0
images_005/00010089_002.png 0 0 0 0 0 0 0 0 0 0 0 0 0 0
images_007/00015443_000.png 1 0 0 0 0 0 0 0 0 0 0 0 0 0
images_007/00015443_001.png 0 0 0 0 0 1 0 0 0 0 0 0 0 0
images_007/00015443_002.png 0 0 0 0 0 0 0 0 0 0 0 0 0 0
images_007/00015443_003.png 0 0 0 0 0 0 0 0 0 0 0 0 0 0
images_007/00015443_004.png 1 0 0 0 0 0 0 0 0 0 0 0 0 0
images_007/00015443_005.png 0 0 0 0 0 0 0 0 0 0 0 0 0 0
images_007/00015443_006.png 0 0 0 0 0 0 0 0 0 0 0 0 0 0
images_007/00015443_007.png 0 0 0 0 0 0 0 0 0 0 0 0 0 0
images_007/00015443_008.png 0 0 0 0 0 0 0 0 0 0 0 0 0 0
images_007/00015443_009.png 0 0 0 0 0 0 0 0 0 0 0 0 0 0
images_007/00015443_010.png 1 0 0 0 0 0 0 0 0 0 0 0 0 0
images_007/00015443_011.png 1 0 0 1 0 0 0 0 0 0 0 0 0 0
images_007/00015443_012.png 0 0 0 0 0 0 0 0 0 0 0 0 0 0
images_007/00015443_013.png 0 0 0 0 0 0 0 0 0 0 0 0 0 0
images_007/00015443_014.png 0 0 0 1 0 0 0 0 0 0 0 0 0 0
images_007/00015443_015.png 0 0 1 1 0 0 0 0 0 0 0 0 0 0
images_007/00015443_016.png 0 0 0 0 0 0 0 0 0 0 1 0 0 0
images_007/00015443_017.png 0 0 0 0 0 0 0 0 0 0 0 0 0 0
images_007/00015443_018.png 0 0 0 0 0 0 0 0 0 0 0 0 0 0
images_007/00015443_019.png 0 0 0 0 0 0 0 0 0 0 0 0 0 0
images_007/00015443_020.png 0 0 0 1 1 0 0 0 0 0 0 0 0 0
images_007/00015462_000.png 0 0 0 1 0 0 1 0 1 0 0 0 0 0
images_007/00015462_001.png 1 0 0 1 1 0 0 0 0 0 0 0 0 0
images_007/00015462_002.png 0 0 0 0 0 0 0 0 0 0 0 0 0 0
images_010/00023018_000.png 0 0 1 0 0 1 0 0 0 0 0 0 1 0
images_007/00015190_000.png 0 0 0 0 0 0 0 0 0 0 0 0 0 0
images_007/00015190_001.png 0 0 0 0 0 1 0 0 0 0 0 0 0 0
images_007/00015190_002.png 0 0 0 0 0 0 0 0 0 0 0 0 0 0
images_007/00015190_003.png 0 0 0 0 1 0 0 0 0 0 0 0 0 0
images_007/00015190_004.png 0 0 0 0 0 0 0 0 0 0 0 0 0 0
images_007/00015190_005.png 0 0 0 0 0 0 0 0 0 1 0 0 0 0
images_007/00015190_006.png 0 0 0 0 0 0 0 0 0 1 0 0 0 0
images_007/00015190_007.png 0 0 0 0 0 0 0 0 0 1 0 0 0 0
images_010/00023246_000.png 0 1 0 0 0 0 0 0 0 0 0 0 0 0
images_009/00020245_000.png 0 0 0 0 0 0 0 0 0 0 0 0 0 0
images_005/00010533_000.png 0 0 0 0 0 0 0 0 0 0 0 0 0 0
images_005/00011073_000.png 0 0 0 0 0 0 0 0 0 0 0 0 0 0
images_008/00016112_000.png 0 0 0 0 0 0 0 0 0 0 0 0 0 0
images_010/00022469_000.png 0 0 0 1 0 0 0 0 0 0 0 0 0 0
images_010/00022469_001.png 0 0 0 0 0 0 0 0 0 0 0 0 0 0
images_004/00006632_000.png 0 0 0 0 0 0 0 0 0 0 0 0 1 0
images_004/00006632_001.png 0 0 0 0 0 0 0 0 0 0 0 0 0 0
images_004/00006632_002.png 0 0 0 0 0 0 0 0 0 0 0 0 0 0
images_004/00006632_003.png 0 0 0 0 0 0 0 0 0 0 0 0 0 0
images_004/00006632_004.png 0 0 0 0 0 0 0 0 0 0 0 0 0 0
images_004/00006632_005.png 0 0 0 0 0 0 0 0 0 0 0 0 0 0
images_012/00029262_000.png 0 0 0 1 0 0 0 0 0 0 0 0 0 0
images_005/00011359_000.png 0 0 0 0 0 0 0 0 0 0 0 0 0 0
images_005/00011359_001.png 0 0 0 0 0 0 0 0 0 0 0 0 0 0
images_005/00011359_002.png 0 0 0 0 0 0 0 0 0 0 0 0 0 0
images_005/00011103_000.png 0 0 0 0 0 0 0 0 0 0 0 0 0 0
images_006/00012885_000.png 0 0 0 1 0 0 0 0 0 0 0 0 0 0
images_012/00030450_000.png 0 0 0 0 0 0 0 0 0 0 0 0 0 0
images_012/00030450_001.png 0 0 0 0 0 0 0 0 0 0 0 0 0 0
images_012/00030450_002.png 0 0 0 0 0 0 0 0 0 0 0 0 0 0
images_012/00030450_003.png 0 0 0 0 0 0 0 0 0 0 0 0 0 0
images_003/00006506_000.png 0 0 0 0 0 0 0 0 0 0 0 0 0 0
images_003/00006506_001.png 0 0 0 0 0 0 0 0 0 0 0 0 0 0
images_003/00006506_002.png 0 0 0 0 0 0 0 1 0 0 0 0 0 0
images_011/00025720_000.png 0 0 0 0 0 0 0 0 0 0 0 0 0 0
images_011/00025720_001.png 0 0 0 0 0 0 0 0 0 0 0 0 0 0
images_011/00025720_002.png 0 0 0 0 0 0 0 0 0 0 0 0 0 0
images_005/00011479_000.png 0 0 0 0 0 0 0 0 0 0 0 0 0 0
images_005/00009468_000.png 0 0 0 0 0 0 0 0 0 0 0 0 1 0
images_010/00022082_000.png 0 0 0 0 0 0 0 0 0 0 0 0 0 0
images_010/00022082_001.png 0 0 0 0 0 0 0 0 0 0 0 0 0 0
images_008/00018108_000.png 0 0 0 0 0 0 0 0 0 0 0 0 0 0
images_008/00018108_001.png 0 0 0 0 0 0 0 0 0 0 0 0 0 0
images_001/00000874_000.png 0 0 0 1 0 0 0 0 0 0 0 0 0 0
images_007/00014772_000.png 0 1 0 0 0 0 0 0 0 0 0 0 0 0
images_010/00022286_000.png 0 0 0 0 0 0 0 0 0 0 0 0 0 0
images_002/00001540_000.png 0 0 0 0 0 0 0 0 0 0 0 0 0 0
images_002/00001540_001.png 0 0 0 0 0 0 0 0 0 0 0 0 0 0
images_002/00001540_002.png 0 0 0 0 0 0 0 0 0 0 0 0 0 0
images_002/00001540_003.png 0 0 0 0 0 0 0 0 0 0 0 0 0 0
images_001/00000137_000.png 0 0 0 0 0 0 0 0 0 0 0 0 0 0
images_001/00000137_001.png 0 0 0 0 0 0 0 0 0 0 0 0 0 0
images_011/00026845_000.png 0 0 0 0 0 0 0 0 0 0 0 0 1 0
images_001/00000154_000.png 0 0 0 1 0 0 0 0 0 0 0 0 0 0
images_001/00000154_001.png 0 0 0 1 0 1 0 0 0 0 0 0 0 0
images_005/00009990_000.png 0 0 0 0 0 0 0 0 0 0 0 0 0 0
images_005/00009990_001.png 0 0 0 1 0 1 0 0 0 0 0 0 0 0
images_007/00014949_000.png 0 0 0 0 0 0 0 0 0 0 0 0 0 0
images_007/00014949_001.png 0 0 0 0 0 0 0 0 0 0 0 0 0 0
images_007/00014949_002.png 0 0 0 0 0 0 0 0 0 0 0 0 0 0
images_010/00023631_000.png 1 0 0 0 0 0 0 0 0 0 0 0 0 0
images_010/00023631_001.png 0 0 0 0 0 0 0 0 0 0 0 0 0 0
images_010/00023306_000.png 0 0 0 1 0 0 0 0 0 0 0 0 0 0
images_010/00023306_001.png 0 0 0 0 0 0 0 0 0 0 0 0 0 0
images_010/00023306_002.png 0 0 0 0 0 0 0 0 0 0 0 0 0 0
images_002/00002605_000.png 0 0 0 0 0 0 0 0 0 0 0 0 0 0
images_002/00002605_001.png 0 0 0 0 0 0 0 0 0 0 0 0 0 0
images_012/00029598_000.png 0 0 0 0 1 0 0 0 0 0 0 1 0 0
images_010/00022731_000.png 1 0 0 0 0 0 0 0 0 0 0 0 0 0
images_010/00022731_001.png 0 0 0 0 0 0 0 0 0 0 0 0 0 0
images_004/00006596_000.png 0 0 1 0 1 0 0 0 0 0 0 0 0 0
images_004/00006596_001.png 0 0 0 0 1 0 0 0 0 0 1 0 0 0
images_004/00006596_002.png 0 0 0 0 0 0 0 0 0 0 0 0 0 0
images_004/00006596_003.png 0 0 0 0 0 0 0 0 0 0 0 0 0 0
images_004/00006596_004.png 0 0 0 0 0 0 0 0 0 0 0 0 0 0
images_004/00006596_005.png 0 0 0 0 0 0 0 0 0 0 0 0 0 0
images_004/00006596_006.png 0 0 0 0 1 0 0 0 0 0 0 0 0 0
images_004/00006596_007.png 0 0 0 1 1 0 0 0 0 0 0 0 0 0
images_004/00006596_008.png 0 0 0 0 0 0 0 0 0 0 0 0 0 0
images_003/00005164_000.png 0 0 0 0 0 0 0 0 0 0 0 1 0 0
images_002/00002213_000.png 0 0 0 0 0 0 0 0 0 0 1 0 0 0
images_002/00002213_001.png 0 0 0 0 0 0 0 0 0 0 1 0 0 0
images_002/00002213_002.png 0 0 0 0 0 0 0 0 0 0 0 0 0 0
images_010/00021447_000.png 0 0 0 0 0 0 0 0 0 0 0 0 0 0
images_010/00021447_001.png 0 0 0 0 0 0 0 0 0 0 0 0 0 0
images_007/00015523_000.png 0 0 0 0 0 0 0 0 0 0 0 0 1 0
images_007/00015523_001.png 1 0 0 0 0 0 0 0 1 0 0 1 0 0
images_007/00015523_002.png 0 0 0 0 0 0 0 0 0 0 0 0 0 0
images_007/00015523_003.png 0 0 0 0 0 0 0 0 0 0 0 0 0 0
images_007/00015523_004.png 0 0 0 0 0 0 0 1 0 0 0 0 0 0
images_007/00015523_005.png 0 0 0 0 1 0 0 1 1 0 0 0 0 0
images_007/00015523_006.png 1 0 0 0 0 0 0 1 1 0 0 0 0 0
images_012/00028804_000.png 0 0 0 0 0 0 0 0 0 0 0 0 0 0
images_009/00019517_000.png 0 0 0 0 0 0 0 0 0 0 0 0 0 0
images_009/00019517_001.png 0 0 0 0 0 0 0 0 0 0 0 0 0 0
images_006/00012071_000.png 0 0 0 0 0 0 0 0 0 0 0 0 0 0
images_010/00021229_000.png 0 0 0 0 0 0 0 0 0 0 0 0 0 0
images_009/00018529_000.png 0 0 0 0 0 0 0 0 0 0 0 0 0 0
images_002/00003788_000.png 0 0 0 0 0 0 0 0 0 0 0 0 0 0
images_004/00008193_000.png 0 0 0 0 0 0 0 0 0 0 0 0 0 0
images_002/00002365_000.png 0 0 0 0 0 0 0 0 0 0 0 0 0 0
images_002/00002365_001.png 0 0 0 0 0 0 0 0 0 0 0 0 0 0
images_002/00002365_002.png 0 0 0 1 0 0 0 0 0 0 0 0 0 0
images_002/00002365_003.png 0 0 0 0 0 0 0 0 0 0 0 0 0 0
images_002/00002365_004.png 0 0 0 0 0 0 0 0 0 0 0 0 0 0
images_001/00000567_000.png 0 0 0 0 0 0 0 0 0 0 0 0 0 0
images_004/00008200_000.png 0 0 0 0 0 0 0 0 0 0 0 0 0 0
images_004/00008088_000.png 0 0 0 0 0 0 0 0 0 0 0 0 0 0
images_004/00008088_001.png 0 0 0 0 0 0 0 0 0 0 0 0 0 0
images_007/00014675_000.png 0 0 1 0 0 0 0 0 0 0 0 0 0 0
images_007/00014675_001.png 0 0 0 0 1 0 0 0 0 0 0 0 0 0
images_007/00014675_002.png 0 0 0 0 0 0 0 1 0 0 0 0 0 0
images_007/00014675_003.png 0 0 1 1 1 0 0 0 0 0 0 0 0 0
images_007/00014675_004.png 0 0 0 0 0 0 0 0 0 1 0 0 0 0
images_007/00014675_005.png 0 0 0 0 0 0 0 0 0 1 0 0 0 0
images_007/00014675_006.png 0 0 0 0 0 0 0 0 0 1 0 0 0 0
images_007/00014675_007.png 0 0 0 0 0 1 0 0 0 0 0 0 0 0
images_007/00014675_008.png 0 0 0 0 0 0 0 0 0 0 0 0 0 0
images_007/00014675_009.png 0 0 0 0 0 0 0 0 0 0 0 0 0 0
images_007/00014675_010.png 0 0 1 0 0 0 0 0 0 0 0 0 0 0
images_007/00014675_011.png 0 0 0 0 0 0 0 0 0 0 0 0 0 0
images_007/00014675_012.png 1 0 0 0 0 0 0 0 1 0 0 0 1 0
images_007/00014675_013.png 0 0 0 0 0 0 0 0 0 0 0 0 0 0
images_007/00014675_014.png 0 0 0 0 0 0 0 0 0 0 0 0 0 0
images_007/00014675_015.png 0 0 0 0 0 0 0 0 0 0 0 0 1 0
images_007/00014675_016.png 0 0 0 0 0 0 0 0 0 0 0 0 0 0
images_007/00014675_017.png 0 0 0 0 0 0 0 0 0 0 0 0 0 0
images_007/00014675_018.png 0 0 1 0 0 0 0 0 0 0 0 0 0 0
images_007/00014675_019.png 0 0 0 0 0 0 0 0 0 0 0 0 0 0
images_007/00014675_020.png 0 0 0 0 0 0 0 0 0 0 0 0 0 0
images_007/00014675_021.png 0 0 0 0 0 0 0 0 0 0 0 0 0 0
images_007/00014675_022.png 0 0 0 0 0 0 0 0 0 0 0 0 0 0
images_007/00014675_023.png 0 0 0 0 0 0 0 0 0 0 0 0 0 0
images_007/00014675_024.png 0 0 0 0 0 0 0 0 0 0 0 0 0 0
images_007/00014675_025.png 0 0 1 0 0 0 0 1 0 0 0 0 0 0
images_007/00014675_026.png 0 0 1 0 0 0 0 1 0 0 0 0 0 0
images_007/00014675_027.png 0 0 0 1 0 0 0 0 0 0 1 0 0 0
images_007/00014675_028.png 0 0 0 1 0 0 0 0 0 0 1 0 0 0
images_007/00014675_029.png 0 0 0 0 0 0 0 0 0 0 0 0 0 0
images_007/00014675_030.png 0 0 1 0 0 0 0 0 0 0 0 0 0 0
images_007/00014675_031.png 0 0 1 1 0 0 1 1 0 0 0 0 0 0
images_007/00014675_032.png 0 0 1 0 0 0 0 0 0 0 0 0 0 0
images_007/00014675_033.png 0 0 1 0 0 0 0 0 0 0 0 0 0 0
images_007/00014675_034.png 0 0 0 0 0 0 0 0 0 0 1 0 0 0
images_007/00014675_035.png 0 0 0 0 0 0 0 0 0 0 0 0 0 0
images_007/00014675_036.png 0 0 0 1 0 0 1 0 0 0 0 0 1 0
images_007/00014675_037.png 0 0 0 0 0 0 0 0 0 0 0 0 0 0
images_007/00014675_038.png 0 0 0 0 0 0 0 0 0 0 0 0 0 0
images_007/00014675_039.png 0 0 1 0 0 0 0 0 0 0 0 0 0 0
images_007/00014675_040.png 0 0 1 0 0 0 0 0 0 0 0 0 0 0
images_007/00014675_041.png 0 0 0 0 0 0 0 0 0 0 0 0 0 0
images_011/00025032_000.png 0 0 0 1 0 0 0 0 0 0 0 0 0 0
images_002/00003514_000.png 0 0 0 0 0 0 0 0 0 0 0 0 0 0
images_002/00003514_001.png 0 0 0 0 0 0 0 0 0 0 0 0 0 0
images_002/00003514_002.png 0 0 0 0 0 0 0 0 0 0 0 0 0 0
images_002/00003514_003.png 0 0 0 0 0 0 0 0 0 0 0 0 0 0
images_008/00016217_000.png 0 0 0 0 0 0 0 0 0 0 0 0 0 0
images_002/00002949_000.png 0 0 0 0 0 0 0 0 0 0 0 0 0 0
images_005/00010590_000.png 1 0 1 0 0 0 0 0 0 0 0 0 0 0
images_005/00010590_001.png 1 0 0 0 0 0 0 0 0 0 0 1 0 0
images_005/00010590_002.png 0 0 0 0 0 0 0 0 0 0 0 0 0 0
images_005/00010590_003.png 1 0 0 0 0 0 0 0 0 0 0 0 0 0
images_005/00010590_004.png 1 0 0 0 0 0 0 0 0 0 0 0 0 0
images_005/00010590_005.png 1 0 0 0 0 0 0 0 0 0 0 0 0 0
images_005/00010590_006.png 1 0 0 0 0 0 0 0 0 0 0 0 0 0
images_005/00010590_007.png 0 0 0 0 0 0 0 0 0 0 0 0 0 0
images_005/00010590_008.png 1 0 0 0 0 0 0 0 0 0 0 0 0 0
images_005/00010590_009.png 1 0 0 0 0 0 0 0 0 0 0 0 0 0
images_005/00010590_010.png 0 0 0 0 0 0 0 0 0 0 0 0 0 0
images_005/00010590_011.png 1 0 0 0 0 0 0 0 0 0 0 0 0 0
images_005/00010500_000.png 0 0 0 0 0 0 0 0 0 0 0 0 0 0
images_005/00010500_001.png 1 0 0 0 0 0 0 0 0 0 0 0 0 0
images_005/00010500_002.png 1 0 0 0 0 0 0 0 0 0 0 0 0 0
images_005/00010500_003.png 0 0 0 0 0 0 0 0 0 0 0 0 0 0
images_010/00023886_000.png 0 0 0 0 0 0 0 0 0 0 0 0 0 0
images_001/00000845_000.png 0 1 0 0 0 0 0 0 0 0 0 0 0 0
images_001/00000845_001.png 0 1 1 0 0 0 0 0 0 0 0 0 0 0
images_001/00000845_002.png 0 0 0 0 0 0 0 0 0 0 0 0 0 0
images_001/00000845_003.png 0 0 0 0 0 0 0 0 0 0 0 0 0 0
images_012/00030333_000.png 0 0 0 0 0 0 0 0 0 0 0 0 0 0
images_004/00009001_000.png 0 0 0 0 0 0 0 0 0 0 0 0 0 0
images_004/00009001_001.png 0 0 0 0 0 0 0 0 0 0 0 0 0 0
images_004/00009001_002.png 0 0 0 0 0 0 0 0 0 0 0 0 1 0
images_004/00009001_003.png 0 0 0 1 0 0 0 0 0 0 0 0 0 0
images_004/00009001_004.png 0 0 0 0 0 0 0 0 0 0 0 0 0 0
images_004/00009001_005.png 0 0 1 0 0 0 0 1 0 0 0 0 0 0
images_004/00009001_006.png 0 0 0 0 0 0 0 0 0 0 0 0 0 0
images_004/00009001_007.png 0 1 0 0 0 0 0 0 0 0 0 0 0 0
images_009/00020867_000.png 0 0 0 0 1 0 0 0 0 0 0 0 0 0
images_009/00020867_001.png 0 0 0 1 1 0 0 0 0 0 0 1 0 0
images_012/00029996_000.png 0 0 0 0 0 0 0 0 0 0 0 0 0 0
images_003/00004781_000.png 0 0 0 0 0 0 0 0 0 0 0 0 0 0
images_004/00007827_000.png 0 0 0 0 0 0 0 0 0 0 0 0 0 0
images_008/00018180_000.png 0 0 0 0 0 0 0 0 0 0 0 0 0 0
images_008/00018180_001.png 0 0 0 0 0 0 0 0 0 0 0 0 0 0
images_008/00018180_002.png 0 0 0 0 0 0 0 0 0 0 0 0 0 0
images_008/00018180_003.png 0 0 0 0 0 0 0 0 0 0 0 0 0 0
images_001/00000370_000.png 0 0 0 0 0 1 0 0 0 0 0 0 0 0
images_001/00000370_001.png 0 0 0 0 0 0 0 0 0 0 0 0 0 0
images_001/00000370_002.png 0 0 0 0 0 0 0 0 0 0 0 0 0 0
images_001/00000370_003.png 0 0 0 0 0 0 0 0 0 0 0 0 0 0
images_001/00000370_004.png 0 0 0 0 0 0 0 0 0 0 0 0 0 0
images_001/00000370_005.png 0 0 0 0 0 0 0 0 0 0 0 0 0 0
images_001/00000370_006.png 1 0 0 0 0 1 0 0 0 0 0 0 0 0
images_001/00000370_007.png 0 0 0 0 0 0 0 0 0 0 0 0 0 0
images_001/00000370_008.png 0 0 0 0 0 1 0 0 0 0 0 0 0 0
images_001/00000370_009.png 0 0 0 0 0 0 0 0 0 0 0 0 0 0
images_001/00000370_010.png 0 0 0 1 0 0 0 0 0 0 0 0 0 0
images_001/00000370_011.png 0 0 0 1 0 0 0 0 0 0 0 0 0 0
images_011/00026104_000.png 0 0 0 0 0 0 0 0 0 0 0 0 0 0
images_002/00003319_000.png 0 0 0 0 0 0 0 0 0 0 0 0 0 0
images_002/00003319_001.png 0 0 0 0 0 0 0 0 0 0 0 0 0 0
images_002/00003319_002.png 0 0 0 0 0 0 0 0 0 0 0 0 0 0
images_002/00003319_003.png 0 0 0 0 0 0 0 0 0 0 0 0 0 0
images_002/00003319_004.png 0 0 0 0 0 0 0 0 0 0 0 0 0 0
images_002/00002139_000.png 0 0 0 0 0 0 0 0 0 0 0 0 0 0
images_002/00002139_001.png 0 0 0 0 0 0 0 0 0 0 0 0 0 0
images_002/00002139_002.png 1 0 0 0 0 0 0 1 0 0 0 0 0 0
images_003/00004630_000.png 0 1 0 0 0 0 0 0 0 0 0 0 0 0
images_003/00004630_001.png 0 1 0 0 0 0 0 0 0 0 0 0 0 0
images_003/00004630_002.png 0 1 0 0 0 0 0 0 0 0 0 0 0 0
images_011/00027219_000.png 0 0 0 0 0 0 0 0 0 0 0 0 0 0
images_011/00027219_001.png 1 0 1 1 0 0 0 0 0 0 0 0 0 0
images_005/00009940_000.png 0 0 0 0 0 0 0 0 0 0 0 0 0 0
images_005/00009940_001.png 0 0 0 0 0 0 0 0 0 0 0 0 0 0
images_005/00009940_002.png 0 0 0 1 0 0 0 0 0 0 0 0 0 0
images_005/00009940_003.png 0 0 0 1 0 0 1 0 0 1 0 0 0 0
images_005/00009940_004.png 0 0 0 1 0 0 0 0 0 1 0 0 0 0
images_005/00009940_005.png 0 0 0 1 0 0 0 0 0 1 0 0 0 0
images_011/00025556_000.png 0 0 0 0 0 0 0 0 0 0 0 0 0 0
images_011/00025556_001.png 0 0 0 0 0 0 0 0 0 0 0 0 0 0
images_011/00025556_002.png 0 0 0 0 0 0 0 0 0 0 0 0 0 0
images_011/00025556_003.png 0 0 0 0 0 1 0 0 1 0 0 0 0 0
images_011/00025556_004.png 0 0 1 0 0 0 0 0 0 1 0 0 0 0
images_011/00025556_005.png 1 0 1 0 0 0 0 0 1 0 0 0 0 0
images_011/00025556_006.png 1 0 1 0 0 0 0 0 0 0 0 0 0 0
images_011/00025556_007.png 1 0 1 1 0 0 0 0 0 0 0 0 0 0
images_011/00025556_008.png 1 0 1 0 0 0 0 0 0 0 0 0 0 0
images_011/00025556_009.png 1 0 0 0 0 0 0 0 0 0 0 0 0 0
images_011/00025556_010.png 1 0 1 0 0 0 0 1 0 0 0 0 0 0
images_011/00025556_011.png 1 0 1 1 0 0 0 0 0 0 0 0 0 0
images_011/00025556_012.png 0 0 0 0 0 0 0 0 0 0 0 0 0 0
images_011/00025556_013.png 1 0 1 0 0 0 0 0 0 0 0 0 0 0
images_011/00025556_014.png 0 0 0 0 0 0 0 0 0 0 0 0 1 0
images_011/00025556_015.png 1 0 0 0 0 0 0 0 1 0 0 0 1 0
images_011/00025556_016.png 0 0 1 1 0 0 0 0 0 0 0 0 0 0
images_011/00025556_017.png 1 0 0 1 0 0 0 0 0 0 0 0 1 0
images_011/00025556_018.png 1 0 0 1 0 0 0 0 0 0 0 0 0 0
images_011/00025556_019.png 1 0 1 1 0 0 0 0 0 0 0 0 1 0
images_011/00025556_020.png 1 0 1 1 0 0 0 0 0 0 0 0 0 0
images_011/00025556_021.png 1 0 1 1 0 0 0 0 1 0 0 0 1 0
images_011/00025556_022.png 0 0 0 0 0 0 0 0 1 0 0 0 0 0
images_009/00020065_000.png 0 0 0 0 0 0 0 0 0 0 0 0 0 0
images_009/00020065_001.png 0 0 0 0 0 0 0 0 0 0 0 0 0 0
images_009/00020065_002.png 0 0 0 0 0 0 0 0 0 0 0 0 0 0
images_009/00020065_003.png 0 0 0 0 0 0 0 0 0 0 0 0 0 0
images_009/00020065_004.png 0 0 1 1 0 0 0 0 1 0 0 0 0 0
images_009/00020065_005.png 0 0 0 0 0 0 0 0 0 0 0 0 0 0
images_009/00020065_006.png 0 0 0 0 0 0 0 0 0 0 0 0 0 0
images_009/00020065_007.png 0 0 0 0 0 0 0 0 0 0 0 0 0 0
images_009/00020065_008.png 0 0 0 0 0 0 0 0 0 0 0 0 0 0
images_009/00020065_009.png 0 0 0 0 0 0 0 0 1 0 0 0 0 0
images_009/00020065_010.png 0 0 0 1 0 0 0 0 0 0 0 0 0 0
images_009/00020065_011.png 0 0 0 0 0 0 0 0 0 0 0 0 0 0
images_009/00020065_012.png 0 0 0 0 0 0 0 0 0 0 0 0 0 0
images_009/00020065_013.png 0 0 0 0 0 0 0 0 0 0 0 1 0 0
images_009/00020065_014.png 0 1 1 0 0 0 0 0 0 0 0 0 0 0
images_010/00021897_000.png 0 0 0 0 0 0 0 0 0 0 0 0 0 0
images_001/00000749_000.png 0 0 0 0 0 0 0 0 0 0 0 0 0 0
images_012/00029167_000.png 0 0 0 0 0 0 0 0 0 0 0 0 0 0
images_005/00010066_000.png 0 0 0 0 0 0 0 0 0 0 0 0 0 0
images_005/00010066_001.png 0 0 0 0 0 0 0 0 0 0 0 0 0 0
images_005/00010066_002.png 0 0 0 0 0 0 0 0 0 0 0 0 0 0
images_005/00010066_003.png 0 0 0 0 0 0 0 0 0 0 0 0 0 0
images_005/00010066_004.png 0 0 0 0 0 0 0 0 0 0 0 0 0 0
images_005/00010066_005.png 0 0 0 0 0 0 0 0 0 0 0 0 0 0
images_005/00010066_006.png 0 0 0 0 0 0 0 0 0 0 0 0 0 0
images_005/00010066_007.png 1 0 1 1 0 0 1 0 0 0 0 0 0 0
images_011/00025990_000.png 0 0 0 0 0 0 0 0 0 0 0 0 0 0
images_011/00025990_001.png 0 0 0 0 0 0 0 0 0 0 0 0 0 0
images_010/00022550_000.png 0 0 0 0 0 0 0 0 0 0 0 0 0 0
images_010/00022550_001.png 0 0 0 0 0 0 0 0 0 0 0 0 0 0
images_011/00026328_000.png 0 0 0 0 0 0 0 0 0 0 0 0 0 0
images_010/00023863_000.png 0 0 0 0 0 0 0 0 0 0 0 0 0 0
images_002/00002556_000.png 0 0 0 0 0 0 0 0 0 0 0 0 0 0
images_002/00002556_001.png 0 0 0 0 0 0 0 0 0 0 0 0 0 0
images_005/00011236_000.png 1 0 0 1 0 0 0 0 0 0 0 0 0 0
images_003/00006427_000.png 0 0 0 0 0 0 0 0 0 0 0 0 0 0
images_011/00024775_000.png 0 0 0 1 0 0 0 0 0 0 0 0 0 0
images_008/00018258_000.png 0 0 0 0 0 0 0 0 0 0 0 0 0 0
images_008/00018258_001.png 1 0 0 0 0 0 0 0 0 0 0 0 0 0
images_011/00027994_000.png 0 0 0 1 0 0 0 0 1 0 0 0 0 0
images_009/00018798_000.png 0 0 0 0 0 0 0 0 0 0 0 0 0 0
images_010/00023567_000.png 0 0 0 0 0 0 0 0 0 0 0 0 0 0
images_011/00026329_000.png 0 0 0 0 0 0 0 0 0 0 0 0 0 0
images_008/00016388_000.png 0 0 0 0 0 0 0 0 0 0 0 0 0 0
images_006/00012732_000.png 0 0 0 0 0 0 0 0 0 0 0 0 1 0
images_005/00011014_000.png 0 0 0 0 0 0 0 0 0 0 0 0 0 0
images_012/00028432_000.png 0 0 0 0 0 0 0 0 0 0 0 0 0 0
images_005/00011024_000.png 0 0 0 0 0 0 0 0 0 0 0 0 0 0
images_005/00011024_001.png 0 0 0 0 0 0 0 0 0 0 0 0 0 0
images_008/00017358_000.png 0 0 0 0 0 0 0 0 0 0 0 0 0 0
images_010/00021862_000.png 0 0 1 0 0 1 0 0 0 0 0 0 1 0
images_010/00021862_001.png 0 0 0 0 0 0 0 0 0 0 0 0 0 0
images_010/00021862_002.png 0 0 0 1 0 0 0 0 0 0 0 0 0 0
images_010/00021862_003.png 0 0 0 1 0 0 0 0 0 0 0 0 0 0
images_010/00021862_004.png 0 0 0 0 0 1 0 0 0 0 0 0 0 0
images_002/00003227_000.png 0 0 0 0 0 0 0 0 0 0 0 0 0 0
images_002/00003227_001.png 0 0 0 0 0 0 0 0 0 0 0 0 0 0
images_002/00003227_002.png 0 0 0 0 0 0 0 0 0 0 0 0 0 0
images_002/00003227_003.png 0 0 0 0 0 0 0 0 0 0 0 0 0 0
images_002/00003227_004.png 0 0 0 0 0 0 0 0 0 0 0 0 0 0
images_009/00020154_000.png 0 0 0 0 0 0 0 0 0 0 0 0 0 0
images_009/00020154_001.png 0 0 0 0 0 0 0 0 0 0 0 0 0 0
images_007/00014576_000.png 0 0 0 1 0 0 0 0 0 0 0 0 0 0
images_007/00014576_001.png 0 0 0 0 0 0 0 0 0 0 0 0 0 0
images_003/00005050_000.png 0 0 0 0 0 0 0 0 0 0 0 0 0 0
images_011/00025107_000.png 0 0 0 0 0 1 0 0 0 0 0 0 0 0
images_005/00010739_000.png 0 0 0 0 0 0 0 0 0 0 0 0 0 0
images_004/00008575_000.png 0 0 0 0 0 0 0 0 0 0 0 0 0 0
images_010/00024566_000.png 0 0 0 0 0 0 0 0 0 0 0 0 0 0
images_009/00019583_000.png 0 0 0 0 0 0 0 0 0 0 0 0 0 0
images_010/00023421_000.png 0 0 0 0 0 0 0 0 0 0 0 0 0 0
images_008/00017918_000.png 0 0 0 0 0 0 0 0 0 0 0 0 0 0
images_009/00020519_000.png 0 1 1 0 0 0 0 0 0 0 0 0 0 0
images_001/00000715_000.png 0 0 0 0 0 0 0 0 0 0 0 0 0 0
images_001/00000715_001.png 0 0 0 0 0 0 0 0 0 0 0 0 0 0
images_012/00028667_000.png 0 0 1 0 0 0 0 1 0 0 0 0 0 0
images_001/00000634_000.png 0 0 0 0 0 0 0 0 0 0 0 0 0 1
images_001/00000634_001.png 0 0 0 1 0 0 0 0 0 0 0 0 0 0
images_001/00000634_002.png 0 0 0 0 0 0 0 0 0 0 0 0 0 0
images_001/00000634_003.png 0 0 0 1 0 0 0 0 0 0 0 0 0 0
images_001/00000634_004.png 0 0 0 0 0 1 0 0 0 0 0 0 0 0
images_001/00000634_005.png 0 0 0 0 0 0 0 0 0 0 0 0 0 0
images_001/00000634_006.png 0 0 0 0 0 0 0 0 0 0 0 0 0 0
images_001/00000634_007.png 0 0 0 0 0 0 0 0 0 0 0 0 0 0
images_001/00000634_008.png 0 0 0 0 0 0 0 0 0 0 0 0 0 0
images_008/00016088_000.png 0 0 0 1 0 0 0 0 0 0 0 0 0 0
images_004/00006982_000.png 0 0 0 0 0 0 0 0 0 0 0 0 0 0
images_004/00006982_001.png 0 0 0 1 0 0 0 0 0 0 0 0 0 0
images_004/00006982_002.png 0 0 0 0 0 0 0 0 0 0 0 0 0 0
images_007/00014019_000.png 0 0 0 0 0 0 0 0 1 0 0 0 0 0
images_012/00030391_000.png 0 0 0 0 0 0 0 0 0 0 0 0 0 0
images_004/00007044_000.png 0 0 0 0 0 0 0 0 0 0 0 0 0 0
images_004/00007044_001.png 0 0 0 0 0 0 0 0 0 0 0 0 0 0
images_004/00007044_002.png 0 0 0 0 0 0 0 0 0 0 0 0 0 0
images_004/00007044_003.png 0 0 0 0 0 0 0 0 0 0 0 0 0 0
images_004/00007044_004.png 0 0 0 1 0 0 0 0 0 0 0 0 0 0
images_004/00007044_005.png 0 0 0 0 1 0 0 0 1 0 0 0 0 0
images_004/00007044_006.png 0 0 0 1 0 0 0 0 0 0 0 0 0 0
images_004/00007044_007.png 0 0 0 1 1 0 0 0 1 0 0 0 0 0
images_004/00007044_008.png 0 0 1 0 0 0 0 0 0 0 0 0 0 0
images_004/00007083_000.png 0 0 0 0 0 0 0 0 0 0 0 0 0 0
images_007/00014346_000.png 0 0 0 0 0 0 0 0 0 0 0 0 0 0
images_007/00014346_001.png 0 1 0 0 0 0 0 1 0 0 0 0 0 0
images_007/00014346_002.png 0 1 0 0 0 0 0 1 0 0 0 0 0 0
images_007/00014346_003.png 0 0 0 0 0 0 0 0 0 0 1 0 0 0
images_007/00014346_004.png 0 0 0 1 0 0 0 1 0 0 1 0 0 0
images_007/00014346_005.png 0 0 0 1 0 0 0 1 0 0 1 0 0 0
images_007/00014346_006.png 0 0 1 0 1 0 0 1 1 0 0 0 0 0
images_007/00014346_007.png 0 0 1 0 0 0 0 1 0 0 0 0 0 0
images_007/00014346_008.png 0 0 0 0 0 0 0 0 0 0 0 0 0 0
images_007/00014346_009.png 0 0 0 0 0 0 0 1 0 0 0 0 0 0
images_007/00014346_010.png 0 0 1 0 0 0 0 1 0 0 0 0 0 0
images_007/00014346_011.png 1 0 0 0 0 0 0 1 0 0 0 0 0 0
images_007/00014346_012.png 0 0 0 0 0 0 0 1 0 0 0 0 0 0
images_007/00014346_013.png 0 0 0 0 0 0 0 0 0 0 0 0 0 0
images_007/00014346_014.png 0 0 0 0 0 0 0 0 0 0 0 0 0 0
images_007/00014346_015.png 0 0 0 0 0 0 0 0 0 0 0 0 0 0
images_007/00014346_016.png 0 0 0 0 0 0 0 0 0 0 0 0 0 0
images_007/00014346_017.png 0 0 0 0 0 0 0 0 0 0 0 0 0 0
images_007/00014346_018.png 1 0 1 1 0 0 0 0 0 0 0 0 0 0
images_007/00014346_019.png 1 0 1 1 0 0 0 1 0 0 0 0 0 0
images_007/00014346_020.png 1 0 1 1 0 0 0 1 0 0 0 0 0 0
images_007/00014346_021.png 1 0 0 1 0 0 0 1 0 0 0 0 0 0
images_007/00014346_022.png 0 0 0 0 0 0 0 0 0 0 0 0 0 0
images_007/00014346_023.png 1 0 0 0 0 0 0 0 0 0 0 0 0 0
images_007/00014346_024.png 0 0 0 1 0 0 0 0 0 0 0 0 0 0
images_007/00014346_025.png 1 0 0 1 0 0 0 0 0 0 0 0 0 0
images_007/00014346_026.png 1 0 0 1 0 0 0 0 0 0 1 0 0 0
images_007/00014346_027.png 1 0 0 0 0 0 0 1 0 0 0 0 0 0
images_007/00014346_028.png 1 0 0 1 0 0 0 1 0 0 0 0 0 0
images_007/00014346_029.png 0 0 0 0 0 0 0 1 0 0 0 0 0 0
images_007/00014346_030.png 1 0 0 0 0 0 0 0 0 0 1 0 0 0
images_007/00014346_031.png 1 0 0 0 0 0 0 0 0 0 1 0 0 0
images_007/00014346_032.png 0 0 0 1 0 0 0 1 0 0 0 0 0 0
images_007/00014346_033.png 0 0 0 1 0 0 0 1 0 0 0 0 0 0
images_007/00014346_034.png 0 0 0 1 0 0 0 0 0 0 0 0 0 0
images_007/00014346_035.png 0 0 0 0 0 0 0 0 0 0 0 0 0 0
images_007/00014346_036.png 1 0 0 1 0 0 0 0 1 0 0 0 0 0
images_007/00014346_037.png 0 0 1 0 0 0 0 0 0 0 0 0 0 0
images_007/00014346_038.png 0 0 1 0 0 0 0 0 1 0 0 0 0 0
images_007/00014346_039.png 0 0 0 1 0 0 0 0 0 0 0 0 0 0
images_007/00014346_040.png 0 0 0 1 0 0 0 0 0 0 0 0 0 0
images_007/00014346_041.png 0 0 0 1 0 0 0 0 0 0 0 0 0 0
images_007/00014346_042.png 0 0 0 0 0 0 0 0 0 0 0 0 0 0
images_007/00014346_043.png 1 0 0 0 0 0 0 0 0 0 0 0 0 0
images_007/00014346_044.png 1 0 0 0 0 0 0 0 0 0 0 0 0 0
images_007/00014346_045.png 0 0 1 1 0 0 0 0 0 0 0 0 0 0
images_007/00014346_046.png 1 0 1 0 0 0 0 0 0 0 0 0 0 0
images_007/00014346_047.png 0 0 0 0 0 0 0 0 0 0 0 0 0 0
images_011/00026475_000.png 0 0 0 0 0 0 0 0 0 0 0 0 0 0
images_012/00030791_000.png 0 0 0 0 0 0 0 0 0 0 0 0 0 0
images_012/00030791_001.png 0 0 0 0 0 0 0 0 0 0 0 0 0 0
images_008/00017819_000.png 0 0 0 0 0 0 0 0 0 0 0 0 0 0
images_008/00017819_001.png 0 0 0 0 1 0 0 0 0 0 0 0 0 0
images_008/00017819_002.png 0 0 0 0 0 0 0 0 0 0 0 0 0 0
images_008/00017819_003.png 0 0 0 0 0 0 0 0 0 0 0 0 0 0
images_008/00017819_004.png 0 0 0 0 0 0 0 0 0 0 0 0 0 0
images_008/00017819_005.png 0 0 0 0 0 0 0 0 0 0 0 0 0 0
images_008/00017819_006.png 0 0 0 0 0 1 0 0 0 0 0 0 0 0
images_008/00017819_007.png 0 0 0 0 0 0 0 0 0 0 0 0 0 0
images_008/00017819_008.png 0 0 0 0 1 0 0 0 0 0 0 0 0 0
images_008/00017819_009.png 0 0 0 0 0 0 0 0 0 0 0 0 0 0
images_008/00017819_010.png 0 0 0 0 0 0 0 0 0 0 0 0 0 0
images_004/00006927_000.png 0 0 0 0 1 0 0 0 0 0 0 0 0 0
images_006/00013134_000.png 0 0 0 0 0 0 0 0 0 0 0 0 1 0
images_012/00029439_000.png 0 0 0 1 0 0 0 0 0 0 0 0 0 0
images_004/00006850_000.png 0 0 0 0 0 0 0 0 0 0 0 0 0 0
images_004/00006850_001.png 0 0 0 1 0 0 0 0 0 0 0 0 0 0
images_004/00006850_002.png 0 0 0 0 0 0 0 0 0 0 0 0 0 0
images_004/00006850_003.png 0 0 0 0 0 0 0 0 0 0 0 0 0 0
images_004/00006850_004.png 0 0 0 0 0 0 0 0 0 0 0 0 0 0
images_004/00006850_005.png 0 0 1 0 0 1 0 0 0 0 0 0 0 0
images_004/00006850_006.png 0 0 1 0 0 0 0 0 0 0 0 0 0 0
images_004/00006850_007.png 1 0 0 0 0 0 0 0 1 0 0 0 0 0
images_004/00006850_008.png 0 0 0 0 0 0 0 0 0 0 0 0 0 0
images_004/00006850_009.png 0 0 0 0 0 0 0 0 0 0 0 0 0 0
images_004/00006850_010.png 0 0 1 0 0 0 0 0 0 0 0 0 0 0
images_004/00006850_011.png 0 0 0 0 0 0 0 0 1 0 0 0 0 0
images_004/00006850_012.png 0 0 0 0 0 0 0 0 1 0 0 0 0 0
images_004/00006850_013.png 0 0 0 0 0 0 0 0 1 0 0 0 0 0
images_004/00006850_014.png 0 0 1 0 0 0 0 0 0 0 0 0 0 0
images_004/00006850_015.png 0 0 1 0 0 0 0 0 0 0 0 0 0 0
images_004/00006850_016.png 0 0 1 1 0 0 0 0 0 0 0 0 0 0
images_004/00006850_017.png 0 0 0 0 0 0 0 0 0 0 0 0 0 0
images_004/00006850_018.png 0 0 0 0 0 0 0 0 0 0 0 0 0 0
images_004/00006850_019.png 0 0 0 0 0 0 0 0 0 0 0 0 0 0
images_004/00006850_020.png 0 0 0 0 0 0 0 0 0 0 0 0 0 0
images_004/00006850_021.png 1 0 1 0 0 0 0 0 0 0 0 0 0 0
images_004/00006850_022.png 0 0 0 0 0 0 0 0 0 0 0 0 0 0
images_004/00006850_023.png 0 1 0 0 0 0 0 0 0 0 0 0 0 0
images_004/00006850_024.png 0 0 0 0 0 0 0 0 0 0 0 0 0 0
images_004/00006850_025.png 0 0 0 0 0 0 0 0 0 0 0 0 0 0
images_004/00006850_026.png 0 0 0 1 0 0 0 0 0 0 0 0 0 0
images_004/00006850_027.png 1 0 1 0 0 0 0 0 0 0 0 0 0 0
images_004/00006850_028.png 0 0 1 0 0 0 0 0 0 0 0 0 0 0
images_012/00030042_000.png 0 0 0 0 0 0 0 0 0 0 0 0 0 0
images_011/00024969_000.png 0 0 0 0 0 0 0 0 0 0 0 0 0 0
images_006/00012293_000.png 0 0 0 1 0 0 0 0 0 0 0 0 0 0
images_006/00012293_001.png 1 0 0 0 0 0 0 0 0 0 0 0 0 0
images_006/00012293_002.png 1 0 0 0 0 0 0 0 0 0 0 0 0 0
images_011/00027822_000.png 0 0 0 0 0 0 0 0 0 0 0 0 0 0
images_005/00010787_000.png 0 0 0 0 0 0 0 0 0 0 0 0 0 0
images_005/00010787_001.png 0 0 0 0 0 0 0 0 0 0 1 0 0 0
images_010/00024172_000.png 0 0 0 0 0 0 0 0 0 0 0 0 0 0
images_011/00026563_000.png 0 0 0 0 0 0 0 0 0 0 0 0 0 0
images_003/00006055_000.png 0 0 0 0 0 0 0 0 0 0 0 0 0 0
images_003/00006055_001.png 0 0 0 0 0 0 0 0 0 0 0 0 0 0
images_003/00006055_002.png 0 0 0 0 0 0 0 0 1 0 0 0 0 0
images_003/00006055_003.png 0 0 0 0 0 0 0 0 0 0 0 0 0 0
images_011/00026801_000.png 0 0 0 0 0 0 0 0 0 0 0 0 0 0
images_011/00026801_001.png 0 0 0 1 0 0 0 0 0 0 0 0 0 0
images_011/00026801_002.png 0 0 0 0 0 0 0 0 0 0 0 0 0 0
images_011/00026801_003.png 0 0 0 0 0 0 0 0 0 0 0 0 0 0
images_011/00026801_004.png 0 0 0 0 0 0 0 0 0 0 0 0 0 0
images_011/00026801_005.png 0 0 1 0 0 0 0 0 0 0 0 0 0 0
images_005/00010508_000.png 0 0 0 0 0 0 0 0 0 0 0 0 0 0
images_005/00010508_001.png 0 1 0 1 0 0 0 0 0 0 0 0 0 0
images_005/00010508_002.png 0 0 0 1 0 0 0 0 0 0 0 0 0 0
images_005/00010508_003.png 0 0 0 0 0 0 0 0 0 0 0 0 0 0
images_009/00020015_000.png 0 0 0 0 0 0 0 0 0 0 0 0 0 0
images_011/00027474_000.png 1 0 0 0 0 0 0 0 1 0 0 0 0 0
images_011/00027474_001.png 1 0 0 0 0 0 0 0 1 0 0 0 0 0
images_011/00027474_002.png 1 0 0 0 0 0 0 0 0 0 0 0 0 0
images_011/00027474_003.png 1 0 0 0 0 0 0 0 0 0 0 0 0 0
images_011/00027474_004.png 1 0 0 0 0 0 0 0 0 0 0 0 0 0
images_011/00027474_005.png 1 0 1 0 0 0 0 1 0 0 0 0 0 0
images_011/00027474_006.png 0 0 0 0 0 0 0 0 0 0 0 0 0 0
images_011/00027474_007.png 1 0 1 0 0 0 0 0 0 0 0 0 0 0
images_011/00027474_008.png 0 0 0 0 0 0 0 1 0 0 0 0 0 0
images_011/00027474_009.png 1 0 1 0 0 0 0 0 0 0 0 0 0 0
images_002/00003200_000.png 0 0 0 0 0 0 0 0 0 0 0 0 0 0
images_012/00029835_000.png 0 0 0 0 0 0 0 0 0 0 0 0 0 0
images_009/00020925_000.png 0 0 0 1 0 0 0 0 0 0 0 0 0 0
images_001/00001223_000.png 0 0 0 0 0 0 0 0 0 0 0 0 0 0
images_001/00001223_001.png 0 0 0 0 0 0 0 0 0 0 0 0 0 0
images_001/00000364_000.png 0 0 0 0 0 0 0 0 0 0 0 0 0 0
images_001/00000364_001.png 0 0 0 0 0 0 0 0 0 0 0 0 0 0
images_007/00014017_000.png 0 0 0 0 0 0 0 0 0 0 0 0 0 0
images_011/00024785_000.png 0 0 0 0 0 0 0 0 0 0 0 0 0 0
images_003/00004278_000.png 0 0 0 0 0 0 0 0 0 0 0 0 0 0
images_003/00004278_001.png 0 0 0 0 0 0 0 0 0 0 0 0 0 0
images_003/00004278_002.png 0 0 0 0 0 0 0 0 0 0 0 0 0 0
images_003/00004278_003.png 0 0 0 1 0 0 0 0 0 0 0 0 0 0
images_006/00012451_000.png 0 0 0 0 0 0 0 0 0 0 0 1 1 0
images_006/00012451_001.png 0 0 0 0 0 0 0 0 0 0 0 1 0 0
images_007/00013836_000.png 0 0 0 0 0 0 0 0 0 0 0 0 0 0
images_011/00026306_000.png 0 0 0 0 0 0 0 0 0 0 0 0 0 0
images_011/00026306_001.png 0 0 0 0 0 0 0 0 0 0 0 0 0 0
images_011/00026306_002.png 0 0 0 0 0 0 0 0 0 0 0 0 0 0
images_004/00008720_000.png 0 0 0 0 0 0 0 0 0 0 0 0 0 0
images_009/00019688_000.png 0 0 0 0 0 0 0 0 0 0 0 0 0 0
images_009/00019688_001.png 0 0 0 0 0 0 0 0 0 0 0 0 0 0
images_006/00011784_000.png 0 0 0 0 0 0 0 0 0 0 0 0 0 0
images_005/00011161_000.png 0 0 0 0 0 0 0 0 0 0 0 0 0 0
images_005/00011161_001.png 0 0 0 0 0 0 0 0 0 0 0 0 0 0
images_005/00011161_002.png 0 0 0 1 0 0 0 0 0 0 0 0 0 0
images_005/00011161_003.png 0 0 0 0 0 0 0 0 0 0 0 0 0 0
images_009/00018846_000.png 0 0 0 0 0 0 0 0 0 0 0 0 0 0
images_007/00014274_000.png 0 0 0 0 0 0 0 0 0 0 0 0 0 0
images_007/00014274_001.png 0 0 0 0 0 0 0 0 0 0 0 0 0 0
images_007/00014274_002.png 0 0 0 0 0 0 0 0 0 0 0 0 0 0
images_007/00014274_003.png 0 0 1 0 0 0 0 0 0 1 0 0 0 0
images_007/00014274_004.png 0 0 0 0 0 0 0 0 0 1 0 0 0 0
images_007/00014274_005.png 0 0 0 0 0 0 0 0 0 0 0 0 0 0
images_007/00014274_006.png 0 0 0 0 0 0 0 0 0 1 0 0 0 0
images_007/00014274_007.png 0 0 0 0 0 0 0 0 0 0 0 0 0 0
images_007/00014274_008.png 0 0 0 0 0 1 0 0 0 0 0 0 0 0
images_007/00014274_009.png 0 0 0 0 0 0 0 0 0 0 0 0 0 0
images_012/00030060_000.png 0 0 0 0 0 0 0 0 0 0 0 0 0 0
images_012/00030367_000.png 0 0 0 0 0 0 0 0 0 0 0 0 0 0
images_004/00008045_000.png 0 0 0 0 0 0 0 0 0 0 1 0 0 0
images_004/00008045_001.png 0 0 0 0 0 0 0 0 0 0 0 0 0 0
images_004/00008045_002.png 1 0 0 0 0 0 1 0 0 0 0 0 0 0
images_004/00008045_003.png 0 0 0 0 0 0 0 1 0 0 0 0 0 0
images_004/00008045_004.png 0 0 0 0 0 0 0 0 0 0 0 0 0 0
images_004/00008045_005.png 0 0 0 0 0 0 0 0 0 0 0 0 0 0
images_008/00017927_000.png 0 0 0 1 0 0 0 0 0 0 0 0 0 0
images_008/00017927_001.png 0 0 0 0 0 0 0 0 0 0 0 0 0 0
images_008/00017927_002.png 0 0 1 1 1 1 0 0 1 0 0 0 0 0
images_008/00017927_003.png 1 0 0 0 0 0 0 0 0 0 0 0 0 0
images_008/00017927_004.png 1 0 0 0 0 1 0 0 1 0 0 0 0 0
images_008/00017927_005.png 1 0 0 0 0 0 0 0 0 0 0 0 0 0
images_008/00017927_006.png 0 0 0 0 0 0 0 0 0 0 0 0 0 0
images_002/00003038_000.png 0 0 0 0 0 0 0 0 0 0 0 0 0 0
images_002/00003038_001.png 0 0 0 0 0 0 0 0 0 0 0 0 0 0
images_003/00005553_000.png 0 0 0 0 0 0 0 0 0 0 0 0 0 0
images_003/00005553_001.png 0 0 0 0 0 0 0 0 0 0 0 0 0 0
images_003/00005553_002.png 0 0 0 0 0 0 0 0 0 0 0 0 0 0
images_003/00005553_003.png 0 0 0 0 0 0 0 0 0 0 0 0 0 0
images_003/00005553_004.png 0 0 0 0 0 0 0 0 0 0 0 0 0 0
images_007/00014934_000.png 0 0 0 0 0 0 0 0 0 0 0 0 0 0
images_007/00014934_001.png 0 0 0 0 0 0 0 0 0 0 0 0 0 0
images_007/00014934_002.png 0 0 0 0 0 0 0 0 0 0 0 0 1 0
images_007/00014934_003.png 0 0 0 0 0 0 0 0 0 0 0 0 0 0
images_007/00014934_004.png 0 0 0 0 0 0 0 0 0 0 0 0 0 0
images_007/00014934_005.png 0 0 0 0 0 0 0 0 0 0 0 0 0 0
images_007/00014934_006.png 0 0 0 0 0 0 0 0 0 0 0 0 0 0
images_007/00014934_007.png 0 0 0 0 0 0 0 0 0 0 0 0 0 0
images_007/00014934_008.png 0 0 0 0 0 0 0 0 0 0 0 0 0 0
images_007/00014934_009.png 0 0 0 0 0 1 0 0 0 0 0 0 0 0
images_010/00024061_000.png 0 0 0 0 0 0 0 0 0 0 0 0 0 0
images_004/00008956_000.png 0 0 0 0 0 0 0 0 0 0 0 0 0 0
images_009/00019625_000.png 0 0 0 1 0 0 0 0 0 0 0 0 0 0
images_009/00019625_001.png 1 0 1 1 0 0 0 0 0 1 0 0 0 0
images_009/00019625_002.png 0 0 1 1 0 0 0 0 0 1 0 0 0 0
images_009/00019625_003.png 0 0 0 1 0 0 0 0 0 0 0 0 0 0
images_009/00019625_004.png 0 0 0 1 0 0 0 0 0 0 0 0 0 0
images_009/00019625_005.png 0 0 1 1 0 0 0 0 0 0 0 0 0 0
images_009/00019625_006.png 0 0 0 0 0 0 0 0 0 0 0 0 0 0
images_009/00019625_007.png 0 0 1 0 0 0 0 0 0 0 0 0 0 0
images_009/00019625_008.png 0 0 0 0 0 0 0 0 0 0 0 0 0 0
images_009/00019625_009.png 0 0 0 0 0 0 0 0 0 0 0 0 0 0
images_009/00019625_010.png 0 0 0 0 0 0 0 0 0 0 0 0 0 0
images_009/00018695_000.png 0 0 0 1 0 0 0 0 0 0 0 0 0 0
images_009/00018695_001.png 0 0 0 0 0 0 0 0 0 0 0 0 0 0
images_009/00019412_000.png 0 0 0 0 0 0 0 0 0 0 0 0 0 0
images_011/00027391_000.png 0 0 0 1 0 1 0 0 0 0 0 0 0 0
images_011/00027391_001.png 0 0 0 0 1 0 0 0 0 0 0 0 0 0
images_011/00027391_002.png 0 0 0 0 0 0 0 0 0 0 0 0 0 0
images_011/00027391_003.png 0 0 0 0 0 0 0 1 0 0 0 0 0 0
images_003/00004402_000.png 0 0 0 1 0 0 0 0 0 0 1 0 0 0
images_003/00004402_001.png 0 0 0 1 0 0 0 0 0 0 1 0 0 0
images_003/00004402_002.png 0 0 0 1 0 0 0 0 0 0 1 0 0 0
images_003/00004402_003.png 0 0 0 1 0 0 0 0 0 0 0 0 0 0
images_003/00004402_004.png 0 0 0 0 0 0 0 0 1 0 0 0 1 0
images_003/00004402_005.png 0 0 0 0 0 0 0 0 0 0 0 0 1 0
images_003/00004402_006.png 1 0 0 1 0 0 0 0 0 0 0 0 0 0
images_003/00004402_007.png 0 1 1 0 0 0 0 0 0 0 0 1 0 0
images_003/00004402_008.png 1 1 1 1 0 0 0 0 0 0 0 1 0 0
images_003/00004402_009.png 0 0 1 1 0 0 0 0 0 0 0 0 0 0
images_003/00004402_010.png 0 0 0 1 0 0 0 0 0 0 0 0 0 0
images_009/00018546_000.png 0 0 0 0 0 0 0 0 0 0 0 0 0 0
images_009/00018546_001.png 0 0 0 0 0 0 0 0 0 0 0 0 0 0
images_009/00018546_002.png 0 0 0 0 0 0 0 0 0 0 0 0 0 0
images_009/00018546_003.png 0 0 0 1 0 0 0 0 0 0 0 0 0 0
images_009/00018546_004.png 0 0 0 0 0 0 0 0 0 0 0 0 0 0
images_009/00018546_005.png 0 0 0 0 0 0 0 0 0 0 0 0 0 0
images_009/00018546_006.png 0 0 0 0 0 0 0 0 0 0 0 0 0 0
images_009/00018546_007.png 0 0 0 0 0 0 0 0 0 0 0 0 0 0
images_009/00018546_008.png 0 0 0 0 0 0 0 0 0 0 0 0 0 0
images_009/00018546_009.png 0 0 0 0 0 0 0 0 0 0 0 0 0 0
images_003/00006416_000.png 0 0 0 0 0 0 0 0 0 0 0 0 0 0
images_003/00006416_001.png 0 0 0 0 0 0 0 0 0 0 0 0 0 0
images_003/00006416_002.png 0 0 1 0 0 0 0 0 0 0 0 0 0 0
images_003/00006416_003.png 0 0 0 0 0 0 0 0 0 0 0 0 0 0
images_003/00006416_004.png 0 0 0 0 0 0 0 0 0 0 0 1 0 0
images_003/00006416_005.png 0 0 0 1 0 0 0 0 0 0 0 1 0 0
images_003/00006416_006.png 0 0 0 0 0 0 0 0 0 0 0 1 0 0
images_003/00006416_007.png 0 0 0 0 0 0 0 0 0 0 0 1 0 0
images_003/00006416_008.png 0 0 0 0 0 0 0 0 0 0 0 0 0 0
images_012/00029904_000.png 0 0 0 0 0 0 0 0 0 0 0 0 1 0
images_011/00026956_000.png 0 0 0 1 0 0 0 0 0 0 0 0 0 0
images_011/00026956_001.png 0 0 0 0 0 0 0 0 0 0 0 0 0 0
images_011/00026956_002.png 0 0 0 0 0 0 0 0 0 0 0 0 0 0
images_011/00026956_003.png 1 0 0 1 0 0 0 0 0 0 0 1 0 0
images_011/00026956_004.png 0 0 0 0 0 0 0 0 0 0 0 1 0 0
images_003/00003986_000.png 0 0 0 0 0 0 0 0 0 0 0 0 0 0
images_003/00003986_001.png 0 0 0 0 0 0 0 0 0 0 0 0 0 0
images_003/00003986_002.png 0 0 0 0 0 0 0 0 0 0 0 0 0 0
images_011/00027674_000.png 0 0 0 1 0 0 0 0 0 0 0 0 0 0
images_004/00006613_000.png 0 0 0 0 0 0 0 0 0 0 0 0 0 0
images_007/00014421_000.png 0 0 0 0 0 0 0 0 0 0 0 0 0 0
images_012/00028825_000.png 0 0 0 0 0 0 0 0 0 0 0 0 0 0
images_012/00028825_001.png 0 0 0 0 0 0 0 0 0 0 0 0 0 0
images_009/00018406_000.png 0 0 0 0 0 0 0 0 0 0 0 0 0 0
images_009/00018406_001.png 0 0 0 0 0 0 0 0 0 0 0 0 0 0
images_004/00008716_000.png 1 1 0 0 0 0 0 0 0 0 0 0 0 0
images_009/00018752_000.png 0 0 0 0 0 0 0 0 0 0 0 0 0 0
images_011/00025959_000.png 0 0 0 0 0 0 0 0 0 0 0 0 0 0
images_011/00025959_001.png 0 0 0 0 0 0 0 0 0 0 0 0 0 0
images_003/00004513_000.png 0 0 0 0 0 0 0 0 0 0 0 0 0 0
images_006/00012762_000.png 1 0 0 0 0 0 0 0 0 0 0 0 0 0
images_003/00004632_000.png 0 0 0 0 0 0 0 0 0 0 0 0 0 0
images_003/00004632_001.png 1 0 1 1 0 0 0 0 0 0 0 0 0 0
images_012/00028446_000.png 0 0 0 1 1 0 0 0 0 0 0 0 1 0
images_010/00024387_000.png 0 0 0 0 0 0 0 0 0 0 0 0 0 0
images_003/00005745_000.png 0 0 0 0 0 0 0 0 0 0 0 0 0 0
images_003/00005745_001.png 0 0 0 0 0 0 0 0 0 0 0 0 0 0
images_005/00011429_000.png 0 0 0 0 0 0 0 0 0 0 0 0 0 0
images_002/00001885_000.png 0 0 0 0 0 0 0 0 0 0 0 0 0 0
images_002/00001885_001.png 0 0 0 0 0 0 0 0 0 0 0 0 0 0
images_002/00003135_000.png 0 0 0 0 0 0 0 0 0 0 0 0 0 0
images_012/00030388_000.png 0 0 0 0 0 0 0 0 0 0 0 0 0 0
images_012/00030388_001.png 0 0 0 0 0 0 0 0 0 0 0 0 0 0
images_005/00010814_000.png 1 0 0 0 0 0 0 0 0 0 0 0 0 0
images_005/00010814_001.png 0 0 0 0 0 0 0 0 0 0 1 0 0 0
images_005/00010814_002.png 0 0 0 0 0 0 0 0 0 0 1 0 0 0
images_005/00010814_003.png 0 0 0 0 0 0 0 0 0 0 0 0 0 0
images_005/00010814_004.png 0 0 0 0 0 0 0 0 0 0 0 0 0 0
images_005/00010814_005.png 0 0 0 0 0 1 0 0 0 0 0 0 0 0
images_005/00010814_006.png 0 0 0 0 0 0 0 0 0 0 0 0 0 0
images_005/00010814_007.png 0 0 0 0 0 0 0 0 0 0 0 0 0 0
images_005/00010814_008.png 0 0 0 0 0 0 0 0 0 0 0 0 0 0
images_005/00010814_009.png 0 0 0 0 0 1 0 0 0 0 0 0 0 0
images_007/00013933_000.png 0 0 0 0 0 1 0 0 0 0 0 0 0 0
images_002/00002208_000.png 1 0 0 0 0 0 0 0 0 0 0 0 0 0
images_002/00002208_001.png 0 0 0 0 0 0 0 0 0 0 0 0 0 0
images_002/00002208_002.png 0 0 1 0 0 0 0 0 0 0 0 0 0 0
images_002/00002208_003.png 0 0 1 0 0 0 0 0 0 0 0 0 0 0
images_002/00002208_004.png 1 0 0 0 0 0 0 0 0 0 0 0 0 0
images_002/00002208_005.png 1 0 0 0 0 0 0 0 0 0 0 0 0 0
images_002/00002208_006.png 0 0 1 1 1 0 0 0 0 0 0 0 0 0
images_002/00002208_007.png 0 0 1 0 0 0 0 0 1 0 0 0 0 0
images_002/00002208_008.png 0 0 1 0 0 0 0 0 1 0 0 0 0 0
images_002/00002208_009.png 1 0 0 1 0 0 0 0 0 0 0 0 0 0
images_002/00002208_010.png 0 0 1 0 0 0 0 0 0 0 0 0 0 0
images_002/00002208_011.png 0 0 1 0 0 0 0 0 0 0 0 0 0 0
images_002/00002208_012.png 1 0 1 0 0 0 0 0 0 0 0 0 0 0
images_002/00002208_013.png 1 0 0 0 0 0 0 0 0 0 0 0 0 0
images_002/00002208_014.png 0 0 0 0 0 0 0 0 0 0 0 0 0 0
images_002/00002208_015.png 1 0 0 0 0 1 0 0 1 0 0 0 0 0
images_011/00026349_000.png 1 0 0 1 0 0 0 0 0 0 0 0 0 0
images_011/00026349_001.png 0 0 0 0 0 0 0 0 0 0 0 0 0 0
images_011/00026349_002.png 0 0 0 0 0 0 0 0 0 0 0 0 0 0
images_011/00026349_003.png 1 0 0 0 0 0 0 0 0 0 0 0 0 0
images_011/00026349_004.png 1 0 0 0 0 0 0 0 0 0 0 0 0 0
images_011/00026349_005.png 1 0 0 0 0 0 0 0 0 0 0 0 0 0
images_011/00026349_006.png 0 0 0 0 0 0 0 0 0 0 0 0 0 0
images_011/00026349_007.png 1 0 0 1 0 0 0 0 0 0 0 0 0 0
images_011/00026349_008.png 0 0 0 0 0 0 0 0 0 0 0 0 0 0
images_011/00026349_009.png 1 0 0 1 0 0 0 0 0 0 0 0 0 0
images_011/00026349_010.png 0 0 0 0 0 0 0 0 0 0 0 0 0 0
images_011/00026349_011.png 0 0 0 0 0 0 0 0 0 0 0 0 0 0
images_011/00026349_012.png 0 0 0 0 0 0 0 0 0 0 0 0 0 0
images_004/00007640_000.png 0 0 0 0 0 0 0 0 0 0 0 0 0 0
images_004/00007640_001.png 0 0 0 0 0 0 0 0 0 0 0 0 0 0
images_004/00007640_002.png 0 0 0 0 0 0 0 0 0 0 0 0 0 0
images_004/00007640_003.png 0 0 0 0 0 0 0 0 0 0 0 0 0 0
images_004/00007640_004.png 0 0 0 0 0 0 0 0 0 0 0 0 0 0
images_002/00001981_000.png 0 0 0 0 0 0 0 0 0 0 0 0 0 0
images_008/00016174_000.png 0 0 0 0 0 0 0 0 0 0 0 0 0 0
images_006/00012463_000.png 0 1 0 0 0 0 0 0 0 0 0 0 0 0
images_009/00019830_000.png 0 0 0 0 0 0 0 0 0 0 0 0 0 0
images_009/00019830_001.png 0 0 0 0 0 0 0 0 0 0 0 0 0 0
images_004/00008154_000.png 1 0 0 0 1 0 1 0 1 0 0 0 0 0
images_004/00008154_001.png 0 0 0 0 0 0 0 0 0 0 0 0 0 0
images_004/00008154_002.png 0 0 0 0 0 0 0 0 0 0 0 0 0 0
images_008/00017896_000.png 0 0 0 0 0 0 0 0 0 0 0 0 0 0
images_008/00017896_001.png 0 0 0 0 0 0 0 0 0 0 0 0 0 0
images_012/00029784_000.png 0 0 0 0 0 0 0 0 0 0 0 0 0 0
images_012/00029784_001.png 0 0 0 1 0 0 0 0 0 0 0 0 0 0
images_006/00012776_000.png 0 0 0 0 0 0 0 0 0 0 0 0 0 0
images_006/00012776_001.png 0 0 0 0 0 0 0 0 0 0 0 0 0 0
images_006/00012776_002.png 0 0 0 0 0 0 0 0 0 0 0 0 0 0
images_006/00012776_003.png 0 0 0 1 0 0 0 0 0 0 0 0 0 0
images_006/00012776_004.png 0 0 0 1 0 0 0 0 0 0 0 0 0 0
images_011/00026452_000.png 0 0 0 0 0 0 0 0 0 0 0 0 0 0
images_011/00027396_000.png 0 0 0 0 0 0 0 0 0 0 0 0 0 0
images_012/00028797_000.png 0 0 0 0 0 0 0 0 0 0 0 0 0 0
images_006/00012896_000.png 0 0 0 0 0 0 0 0 0 0 0 0 0 0
images_003/00005274_000.png 0 0 0 0 0 0 0 0 0 0 0 0 0 0
images_003/00005274_001.png 0 0 0 0 0 0 0 0 0 0 0 0 0 0
images_003/00005274_002.png 1 0 0 0 0 0 0 0 0 0 0 0 0 0
images_003/00005274_003.png 0 0 0 0 0 0 0 0 0 0 0 0 0 0
images_003/00005274_004.png 0 0 0 1 0 0 0 0 0 0 0 0 0 0
images_003/00005274_005.png 0 0 0 0 0 0 0 0 0 0 0 0 0 0
images_003/00005274_006.png 0 0 0 0 0 0 0 0 0 0 0 0 0 0
images_003/00005274_007.png 1 0 0 0 0 0 0 0 0 0 0 0 0 0
images_003/00005274_008.png 0 0 0 1 0 0 0 0 0 0 0 0 0 0
images_003/00005274_009.png 0 0 0 0 0 0 0 0 1 0 0 0 0 0
images_003/00005274_010.png 0 0 0 0 0 0 0 0 0 0 0 0 0 0
images_003/00005274_011.png 0 0 0 0 0 0 1 0 0 0 0 0 0 0
images_007/00015417_000.png 0 0 1 0 0 0 0 0 0 0 0 0 0 0
images_007/00015417_001.png 0 0 0 0 0 0 0 0 0 0 0 0 0 0
images_007/00015417_002.png 0 0 0 0 0 0 0 0 0 0 0 0 0 0
images_007/00015417_003.png 1 0 0 0 0 0 0 0 0 0 0 0 0 0
images_007/00015417_004.png 0 0 1 1 0 0 0 0 0 0 0 0 0 0
images_007/00015417_005.png 1 0 1 0 0 0 0 0 0 0 0 0 0 0
images_007/00015417_006.png 0 0 1 0 0 0 0 0 0 0 0 0 0 0
images_004/00008512_000.png 0 0 0 0 0 0 0 0 0 0 0 0 0 0
images_004/00008512_001.png 0 0 0 0 0 0 0 0 0 0 0 0 0 0
images_004/00008512_002.png 0 0 0 0 0 0 0 0 0 0 0 0 0 0
images_007/00014800_000.png 0 0 0 0 0 0 0 0 0 0 0 0 0 0
images_007/00014800_001.png 0 0 0 0 0 0 0 0 0 0 0 0 0 0
images_012/00028460_000.png 0 0 0 0 0 0 0 0 0 0 0 0 0 0
images_005/00009770_000.png 1 0 0 1 0 1 0 0 0 0 0 0 0 0
images_008/00017878_000.png 0 0 0 0 0 0 0 0 0 0 0 0 0 0
images_005/00011110_000.png 0 0 0 0 0 0 0 0 0 0 0 0 0 0
images_008/00016824_000.png 0 0 0 0 0 0 0 0 0 0 0 0 0 0
images_006/00011736_000.png 0 0 0 0 0 0 0 0 0 0 0 0 0 0
images_010/00023733_000.png 0 0 0 0 0 0 0 0 0 0 0 0 0 0
images_003/00004266_000.png 0 0 0 0 0 1 0 0 0 0 0 0 0 0
images_003/00004600_000.png 0 0 1 0 0 0 0 0 0 0 0 0 0 0
images_003/00004600_001.png 0 0 1 0 0 0 0 0 0 0 0 0 0 0
images_011/00024819_000.png 0 0 0 0 0 0 0 0 0 0 0 0 0 0
images_010/00021130_000.png 0 0 0 1 0 0 0 0 0 0 0 0 0 0
images_010/00021130_001.png 0 0 0 0 0 1 0 0 0 0 0 0 0 0
images_010/00021130_002.png 1 0 1 1 1 1 0 0 0 0 0 0 1 0
images_010/00021130_003.png 1 0 1 1 1 1 0 1 0 0 0 0 1 0
images_010/00021130_004.png 0 0 0 1 0 1 0 0 0 0 0 0 0 0
images_010/00021130_005.png 0 0 0 1 0 1 0 0 0 0 0 0 0 0
images_010/00021130_006.png 0 0 0 1 0 0 0 0 0 0 0 0 0 0
images_010/00021130_007.png 0 0 0 0 0 0 0 0 0 0 0 0 0 0
images_010/00021130_008.png 0 0 0 0 0 0 0 0 0 0 0 0 0 0
images_010/00021130_009.png 0 0 0 0 0 0 0 0 0 0 0 0 0 0
images_011/00026017_000.png 0 0 0 0 0 0 0 0 0 0 0 0 0 0
images_002/00003041_000.png 0 0 0 0 0 0 0 0 0 0 0 0 0 0
images_002/00003041_001.png 0 0 0 0 0 0 0 0 0 0 0 0 1 0
images_010/00024630_000.png 0 0 0 0 0 0 0 0 0 0 0 0 0 0
images_010/00024548_000.png 0 0 0 0 0 0 0 0 0 0 0 0 0 0
images_003/00004486_000.png 0 0 0 0 0 0 0 0 0 0 0 0 0 0
images_003/00004486_001.png 0 0 0 0 0 0 0 0 0 0 0 0 0 0
images_004/00007221_000.png 0 0 0 0 0 0 0 0 0 0 0 0 0 0
images_004/00007904_000.png 0 0 0 1 1 1 0 0 0 0 0 0 0 0
images_004/00007904_001.png 0 0 0 1 1 0 0 0 0 0 0 0 0 0
images_004/00007904_002.png 0 0 0 0 0 0 0 0 0 0 0 0 0 0
images_011/00027380_000.png 0 0 0 0 0 0 0 0 0 0 0 0 0 0
images_006/00011631_000.png 0 0 0 0 0 0 0 0 0 0 0 0 0 0
images_005/00010299_000.png 0 0 0 0 0 0 0 0 0 0 0 0 0 0
images_011/00026351_000.png 0 0 0 0 0 0 0 0 0 0 0 0 0 0
images_009/00020254_000.png 0 0 0 0 0 0 0 0 0 0 0 0 0 0
images_007/00014990_000.png 0 0 0 0 0 0 0 0 0 0 0 0 0 0
images_008/00017288_000.png 0 0 0 1 0 0 0 0 0 0 0 0 0 0
images_005/00010979_000.png 1 0 0 0 0 0 0 0 0 0 0 0 1 0
images_009/00018571_000.png 0 0 0 0 0 0 0 0 0 0 0 0 0 0
images_006/00012760_000.png 0 0 0 0 0 0 0 0 0 0 0 0 0 0
images_008/00016794_000.png 0 0 0 0 0 0 0 0 0 0 0 0 0 0
images_008/00016794_001.png 0 0 0 1 0 0 0 0 0 0 0 0 0 0
images_008/00016794_002.png 0 0 0 0 0 0 0 0 0 0 0 0 0 0
images_006/00013098_000.png 0 0 0 0 0 0 0 0 0 0 0 0 0 0
images_006/00013098_001.png 0 0 0 1 0 0 0 0 0 0 0 0 0 0
images_004/00008270_000.png 0 0 0 0 0 0 0 0 0 0 0 0 0 0
images_004/00008270_001.png 0 0 0 1 0 0 0 0 0 0 0 0 0 0
images_004/00008270_002.png 0 0 0 0 0 0 0 0 0 0 0 0 0 0
images_004/00008270_003.png 0 0 0 0 0 0 0 0 0 0 0 0 0 0
images_004/00008270_004.png 0 0 0 0 0 0 0 0 0 0 0 0 0 0
images_004/00008270_005.png 0 0 0 0 0 0 0 0 0 0 0 0 0 0
images_004/00008270_006.png 0 0 0 0 0 0 0 0 0 0 0 0 0 0
images_004/00008270_007.png 0 0 0 0 0 0 0 0 0 0 0 0 0 0
images_004/00008270_008.png 0 0 0 0 0 0 0 0 0 0 0 0 0 0
images_004/00008270_009.png 0 0 0 0 0 0 0 0 0 0 0 0 0 0
images_004/00008270_010.png 0 0 0 0 0 0 0 0 0 0 0 0 0 0
images_004/00008270_011.png 0 0 0 0 0 0 0 0 0 0 0 0 0 0
images_004/00008270_012.png 0 0 0 0 0 0 0 0 0 0 0 0 0 0
images_004/00008270_013.png 0 0 0 0 0 0 0 0 0 0 0 0 0 0
images_004/00008270_014.png 0 0 0 0 0 0 0 0 0 0 0 0 0 0
images_004/00008270_015.png 0 0 0 0 0 0 0 0 0 0 0 0 0 0
images_004/00008270_016.png 0 0 0 0 0 0 0 0 0 0 0 0 0 0
images_004/00008270_017.png 0 0 0 0 0 0 0 0 0 0 0 0 0 0
images_004/00008270_018.png 0 0 0 0 0 0 0 0 0 0 0 0 0 0
images_006/00012201_000.png 0 0 0 0 0 0 0 0 0 0 0 0 0 0
images_002/00002883_000.png 0 0 0 0 0 0 0 0 0 0 0 0 0 0
images_002/00002883_001.png 0 0 0 0 0 0 0 0 0 0 0 0 0 0
images_002/00002883_002.png 0 0 0 0 0 0 0 0 0 0 0 0 0 0
images_002/00002883_003.png 0 0 0 0 0 0 0 0 0 0 0 0 0 0
images_002/00002883_004.png 0 0 0 0 0 0 0 0 0 0 0 0 0 0
images_008/00017739_000.png 1 0 0 0 0 0 0 0 0 0 0 0 0 0
images_011/00024812_000.png 0 0 0 0 0 0 0 0 0 0 0 0 0 0
images_010/00021281_000.png 0 0 0 0 0 0 0 0 0 0 0 0 0 0
images_011/00025942_000.png 0 0 0 0 0 0 0 0 0 0 0 0 0 0
images_011/00025942_001.png 0 0 0 0 0 0 0 0 0 0 0 0 0 0
images_006/00012377_000.png 1 0 0 0 0 1 0 0 0 0 0 0 0 0
images_010/00021572_000.png 0 0 0 1 1 0 0 0 0 0 0 0 0 0
images_010/00021572_001.png 0 0 0 1 0 0 0 0 0 1 0 0 0 0
images_010/00021572_002.png 0 0 0 1 0 0 0 0 1 0 0 0 0 0
images_010/00021572_003.png 0 0 0 1 0 0 0 0 0 0 0 0 0 0
images_010/00021572_004.png 0 0 0 1 0 0 0 0 0 0 0 0 0 0
images_010/00021572_005.png 0 0 0 0 0 0 0 0 0 0 0 0 0 0
images_010/00021572_006.png 0 0 0 0 0 0 0 0 0 0 0 0 0 0
images_010/00021572_007.png 0 0 0 1 0 0 0 0 0 0 0 0 0 0
images_010/00021572_008.png 0 0 0 1 0 0 0 0 0 1 0 0 0 0
images_010/00021572_009.png 0 0 0 0 0 0 0 0 0 0 0 0 0 0
images_010/00021572_010.png 0 0 0 1 0 0 0 0 0 1 0 0 0 0
images_010/00021572_011.png 0 0 0 0 0 0 0 0 0 0 0 0 0 0
images_010/00021572_012.png 1 0 0 0 0 0 0 0 0 0 0 0 0 0
images_010/00021572_013.png 0 0 0 0 0 0 0 0 0 0 0 0 0 0
images_010/00021572_014.png 0 0 0 1 0 0 0 0 0 0 0 0 0 0
images_010/00021572_015.png 0 0 0 0 0 0 0 0 0 0 0 0 0 0
images_010/00021572_016.png 0 1 0 0 0 0 0 0 0 0 0 0 0 0
images_010/00021572_017.png 0 0 0 0 0 0 1 0 0 0 0 0 0 0
images_010/00021572_018.png 0 0 0 0 0 0 0 0 0 0 0 0 0 0
images_010/00021572_019.png 1 0 0 0 0 0 0 0 0 0 0 0 0 0
images_010/00021572_020.png 0 0 0 0 0 0 0 0 0 0 0 0 0 0
images_010/00021572_021.png 0 0 0 0 0 0 0 0 0 0 0 0 0 0
images_010/00021572_022.png 0 0 0 0 0 0 0 0 0 0 0 0 0 0
images_010/00021572_023.png 0 0 0 1 0 0 0 0 0 0 0 0 0 0
images_010/00021572_024.png 0 0 0 0 0 0 0 0 0 0 0 0 0 0
images_001/00000815_000.png 0 0 0 0 0 0 0 0 0 0 0 0 0 0
images_001/00000815_001.png 0 0 0 0 0 0 0 0 0 0 0 0 0 0
images_001/00000815_002.png 0 0 0 0 0 0 0 0 0 0 0 0 0 0
images_010/00022685_000.png 0 0 1 0 1 0 0 0 1 0 0 0 1 0
images_012/00028575_000.png 0 0 0 1 0 0 0 0 0 0 0 0 0 0
images_006/00011747_000.png 0 0 0 0 0 0 0 0 0 0 0 1 0 0
images_001/00000008_000.png 0 1 0 0 0 0 0 0 0 0 0 0 0 0
images_001/00000008_001.png 0 0 0 0 0 0 0 0 0 0 0 0 0 0
images_001/00000008_002.png 0 0 0 0 0 1 0 0 0 0 0 0 0 0
images_002/00003021_000.png 0 0 0 0 0 0 0 0 0 0 0 0 0 0
images_007/00014929_000.png 0 0 0 0 0 0 0 0 0 0 0 0 0 0
images_007/00014929_001.png 0 0 0 0 0 0 0 0 0 0 0 0 0 0
images_007/00014929_002.png 0 0 0 0 0 0 0 0 0 0 0 0 0 0
images_007/00014929_003.png 0 0 0 0 0 0 0 0 0 0 0 0 0 0
images_007/00014929_004.png 0 0 0 0 0 0 0 0 0 0 0 0 0 0
images_007/00014929_005.png 0 0 0 0 0 0 0 0 0 0 0 0 0 0
images_007/00014929_006.png 0 0 0 0 0 0 0 0 0 0 0 0 0 0
images_007/00014929_007.png 0 0 0 0 0 0 0 0 0 0 0 0 0 0
images_001/00000941_000.png 0 0 0 0 0 0 0 0 0 0 0 0 0 0
images_004/00008628_000.png 0 0 0 0 0 0 0 0 0 0 0 0 0 0
images_010/00021365_000.png 0 0 0 1 0 0 0 0 0 0 0 0 0 0
images_003/00006487_000.png 0 0 0 0 0 0 0 0 0 0 0 0 0 0
images_010/00023292_000.png 0 0 0 1 0 0 0 0 0 0 0 0 0 0
images_012/00029536_000.png 0 0 0 0 0 0 0 0 0 0 0 0 0 0
images_009/00018595_000.png 0 0 0 0 0 0 0 0 0 0 0 0 0 0
images_006/00012891_000.png 0 0 0 0 1 1 0 0 0 0 0 0 0 0
images_006/00012891_001.png 0 0 0 0 1 0 0 0 0 0 0 0 0 0
images_006/00012891_002.png 0 0 0 0 0 1 0 0 0 0 1 0 0 0
images_006/00012891_003.png 0 0 0 0 0 1 0 0 0 0 0 0 0 0
images_006/00012891_004.png 1 0 0 0 1 0 0 0 0 0 1 0 0 0
images_006/00012891_005.png 0 0 0 0 1 1 0 0 0 0 0 0 0 0
images_006/00012891_006.png 0 0 0 0 1 0 0 0 0 0 0 0 0 0
images_006/00012891_007.png 0 0 0 0 1 0 0 0 0 0 0 0 0 0
images_006/00012891_008.png 0 0 0 0 1 0 0 0 0 0 0 0 0 0
images_006/00012891_009.png 0 0 0 0 0 1 0 0 0 0 0 0 0 0
images_006/00012891_010.png 0 0 0 1 0 1 0 0 0 0 0 0 0 0
images_006/00012891_011.png 0 0 0 0 0 1 0 0 0 0 0 0 0 0
images_006/00012891_012.png 1 0 0 0 0 1 0 0 0 0 0 0 0 0
images_006/00012165_000.png 0 0 0 0 0 0 0 0 0 0 0 0 0 0
images_005/00010072_000.png 0 0 0 0 0 0 0 0 0 0 0 0 0 0
images_012/00028846_000.png 0 0 1 0 0 0 0 0 0 0 0 0 0 0
images_012/00028846_001.png 0 0 0 0 0 0 0 0 0 0 0 0 0 0
images_012/00028846_002.png 0 0 0 0 0 0 0 0 0 1 0 0 0 0
images_012/00028